array_size;time_spent(s);PAPI_L1_TCM;PAPI_L2_TCM;PAPI_L3_TCM;DATA_BYTES;NUM_INSTRUCTIONS;PAPI_TOT_INS
2048;0.2650000155;1085;997;393;16384;2380342;1589564
2176;0.2990000248;1399;1231;297;17408;2549223;1743812
2304;0.3500000238;1713;1354;317;18432;2719253;1900148
2432;0.3530000150;1665;1269;269;19456;2890366;2056498
2560;0.3690000176;1976;1161;257;20480;3062508;2215009
2688;0.4100000262;2193;1342;262;21504;3235625;2371379
2816;0.4240000248;2298;1320;255;22528;3409672;2529889
2944;0.4480000138;2413;1377;239;23552;3584606;2688417
3072;0.4750000238;2473;1383;411;24576;3760388;2849104
3200;0.6510000229;2681;1506;578;25600;3936984;2904372
3328;0.4910000265;2843;1540;568;26624;4114360;2961762
3456;0.4970000088;2932;1572;332;27648;4292488;3019170
3584;0.5040000081;3132;1568;613;28672;4471338;3078737
3712;0.5130000114;3355;1678;449;29696;4650885;3136163
3840;0.5210000277;3408;1691;444;30720;4831104;3195729
3968;0.5250000358;3607;1686;444;31744;5011975;3255313
4096;0.5320000052;3775;1789;336;32768;5193475;3317056
4224;0.5750000477;4019;1763;471;33792;5375585;3474522
4352;0.5890000463;4241;1757;443;34816;5558286;3634056
4480;0.6220000386;4464;1805;489;35840;5741561;3793608
4608;0.6410000324;4856;1898;639;36864;5925394;3955481
4736;0.6730000377;5081;1966;439;37888;6109769;4115051
4864;0.7010000348;5306;2003;372;38912;6294671;4276761
4992;0.7240000367;5469;1992;702;39936;6480087;4438489
5120;0.7460000515;5634;2073;730;40960;6666003;4602376
5248;0.7740000486;5871;2022;392;41984;6852407;4761964
5376;0.8030000329;6103;2062;483;43008;7039287;4923674
5504;0.8300000429;6200;2145;536;44032;7226631;5085402
5632;0.8540000319;6444;2174;756;45056;7414429;5260068
5760;0.8840000629;6685;2219;578;46080;7602671;5422198
5888;0.9150000215;6871;2424;553;47104;7791347;5586468
6016;0.9340000153;7118;2302;574;48128;7980446;5750756
6144;0.9590000510;6910;2250;498;49152;8169961;5917203
6272;0.9760000706;7261;2477;633;50176;8359883;5975689
6400;1.0730000734;7740;3594;643;51200;8550202;6036281
6528;0.9910000563;7610;2359;536;52224;8740912;6096887
6656;1.0020000935;7894;3116;636;53248;8932005;6159654
6784;1.0080000162;8208;2759;628;54272;9123472;6220280
6912;1.0110000372;8188;2661;497;55296;9315308;6283046
7040;1.0580000877;8905;4568;531;56320;9507505;6345832
7168;1.0240000486;8407;2699;545;57344;9700057;6410773
7296;1.0730000734;9249;3284;759;58368;9892958;6471419
7424;1.0420000553;8957;2810;998;59392;10086201;6534183
7552;1.0480000973;9311;2812;1002;60416;10279780;6596967
7680;1.1090000868;9762;3297;681;61440;10473690;6661912
7808;1.0640000105;9863;2718;670;62464;10667925;6724712
7936;1.1370000839;10361;3714;751;63488;10862480;6789657
8064;1.1030000448;10230;2780;722;64512;11057350;6854614
8192;1.1010000706;9904;3923;738;65536;11252530;7081729
8320;1.1380000114;10427;2777;654;66560;11448014;7247789
8448;1.1970000267;10862;4185;598;67584;11643799;7415798
8576;1.1890000105;10909;2798;720;68608;11839879;7583924
8704;1.2190001011;11063;2817;726;69632;12036250;7754211
8832;1.2490000725;11462;2938;704;70656;12232909;7922357
8960;1.2730000019;11781;3322;664;71680;12429850;8092643
9088;1.2980000973;12012;2874;770;72704;12627070;8262947
9216;1.4070000648;12762;5363;742;73728;12824565;8435412
9344;1.3570001125;12531;3139;749;74752;13022331;8603574
9472;1.3850001097;12757;3114;678;75776;13220364;8773860
9600;1.5080000162;13486;4949;1509;76800;13418661;8944487
9728;1.4340000153;13228;3330;1264;77824;13617218;9116628
9856;1.4710000753;13584;3482;1200;78848;13816031;9287270
9984;1.5060000420;13856;3449;810;79872;14015098;9459732
10112;5.2610001564;14554;4216;1422;80896;14214416;9632213
10240;1.6230000257;14972;5801;539;81920;14413980;9806853
10368;1.6050000191;14433;3396;818;82944;14613788;9975033
10496;1.6170001030;14579;3620;797;83968;14813837;10145319
10624;1.6540000439;14783;3485;970;84992;15014124;10315623
10752;3.7970001698;15261;5986;1015;86016;15214646;10488094
10880;1.7090001106;15426;3577;768;87040;15415401;10658408
11008;1.7290000916;15567;3978;922;88064;15616385;10830870
11136;1.9140000343;15738;5353;904;89088;15817596;11003350
11264;1.7780001163;15999;3677;1426;90112;16019031;11177989
11392;1.8160001040;16303;4056;1698;91136;16220688;11348329
11520;1.8500001431;16525;5535;1583;92160;16422564;11520791
11648;1.8630000353;16679;4102;1536;93184;16624657;11693271
11776;4.1270003319;17466;5975;1149;94208;16826964;11867912
11904;1.9640001059;17623;4553;1677;95232;17029484;12040410
12032;1.9830000401;17602;4561;1857;96256;17232213;12215048
12160;2.0260000229;18119;5050;1666;97280;17435150;12389705
12288;4.9980001450;17971;8160;1519;98304;17638292;12566521
12416;2.1180000305;18101;7424;944;99328;17841637;12628223
12544;2.0760002136;18188;6346;1014;100352;18045184;12692013
12672;2.0850000381;18610;6977;1178;101376;18248930;12755821
12800;2.1100001335;18779;7892;989;102400;18452872;12821788
12928;2.0930001736;19337;6959;1226;103424;18657010;12885614
13056;2.1260001659;19061;8025;922;104448;18861342;12951580
13184;2.0610001087;19217;4878;1066;105472;19065864;13017562
13312;2.0710000992;19375;5856;916;106496;19270576;13085705
13440;2.0950000286;19905;5636;1003;107520;19475475;13149549
13568;2.0950000286;19972;5430;954;108544;19680561;13215515
13696;2.5910000801;20475;7899;1180;109568;19885830;13281501
13824;2.2039999962;20889;6816;2005;110592;20091282;13349644
13952;2.1890001297;21261;6783;1764;111616;20296914;13415646
14080;2.4690001011;21326;7484;1083;112640;20502726;13483788
14208;2.9830000401;21510;7554;1145;113664;20708715;13551948
14336;3.0110001564;21073;4991;1041;114688;20914879;13622265
14464;2.3530001640;22022;8351;1242;115712;21121218;13686129
14592;2.2390000820;22295;7744;2025;116736;21327729;13752095
14720;2.1560001373;21895;5911;1991;117760;21534412;13818077
14848;2.1820001602;22229;6356;1862;118784;21741264;13886220
14976;2.1940000057;22643;6221;1340;119808;21948285;13952222
15104;2.1850001812;22653;6642;1263;120832;22155472;14020364
15232;2.1940000057;22849;5633;2029;121856;22362825;14088524
15360;2.2700002193;23447;8785;1982;122880;22570342;14158845
15488;2.2540001869;23824;9020;1366;123904;22778021;14224865
15616;2.2450001240;23849;8906;1266;124928;22985861;14293006
15744;2.2680001259;24129;8824;1283;125952;23193862;14361168
15872;2.2590000629;24704;7697;1131;126976;23402021;14431486
16000;2.2670001984;24841;7496;1398;128000;23610337;14499664
16128;2.2700002193;25169;8125;1361;129024;23818810;14569982
16256;2.2940001488;25329;8052;878;130048;24027437;14640317
16384;2.2590000629;24969;7291;1489;131072;24236218;14483468
16512;2.3330001831;25483;7093;1401;132096;24445152;14649161
16640;2.2860000134;25510;8514;1318;133120;24654236;14816886
16768;2.3210000992;25826;8082;1480;134144;24863471;14984954
16896;2.3510000706;26896;8955;1371;135168;25072855;15155019
17024;2.4300000668;27052;10209;1195;136192;25282387;15322783
17152;2.4600000381;27248;9407;1206;137216;25492065;15492685
17280;2.4340000153;27027;8339;1201;138240;25701889;15662603
17408;2.4750001431;27596;8357;1375;139264;25911857;15834682
17536;2.5530002117;28479;10505;1256;140288;26121969;16002464
17664;2.5770001411;28542;9632;1578;141312;26332223;16172366
17792;2.5950000286;28483;10658;1639;142336;26542619;16342286
17920;2.5640001297;28907;8516;2426;143360;26753155;16514363
18048;2.6170001030;29265;9541;2447;144384;26963831;16684301
18176;2.6470000744;29390;10540;1505;145408;27174645;16856381
18304;2.7320001125;29935;11808;1713;146432;27385596;17028477
18432;2.7980000973;30318;11755;1736;147456;27596684;17202732
18560;2.7170002460;30177;10614;2484;148480;27807907;17370528
18688;2.8060002327;30781;11131;1471;149504;28019265;17540432
18816;2.8070001602;30840;10445;1208;150528;28230756;17710352
18944;2.7970001698;31408;9148;2306;151552;28442380;17882429
19072;2.8660001755;31404;10215;1284;152576;28654136;18052369
19200;2.8430001736;31567;10420;1785;153600;28866023;18224445
19328;2.9530000687;31948;13661;2501;154624;29078040;18396543
19456;2.9380002022;32583;12984;2447;155648;29290186;18570798
19584;2.9400000572;32206;11700;1616;156672;29502461;18740752
19712;5.0460000038;33070;13458;1683;157696;29714863;18912834
19840;3.0720000267;33111;12558;1722;158720;29927392;19084927
19968;3.0810000896;33543;13218;2527;159744;30140047;19259183
20096;3.0850000381;33511;11524;1604;160768;30352827;19431297
20224;3.0630002022;33958;11017;1413;161792;30565731;19605549
20352;3.1210000515;34338;12472;1582;162816;30778758;19779823
20480;3.1120002270;33890;12136;1824;163840;30991909;19956301
20608;6.1330003738;35111;14809;2008;164864;31205181;20124120
20736;3.2290000916;35028;13587;1897;165888;31418574;20294021
20864;3.2540001869;35017;15458;1518;166912;31632088;20463942
20992;6.3860001564;36344;15705;1696;167936;31845722;20636021
21120;3.2750000954;35368;12445;1652;168960;32059474;20805956
21248;6.3120002747;36401;15867;1714;169984;32273345;20978038
21376;3.3640000820;36121;13635;2110;171008;32487334;21150131
21504;3.4410002232;36935;15420;1608;172032;32701439;21324388
21632;3.3940000534;36475;13396;2833;173056;32915660;21494341
21760;3.4540002346;37119;15216;2811;174080;33129997;21666421
21888;3.4360001087;36615;14024;1774;175104;33344449;21838515
22016;3.5070002079;38032;14601;2117;176128;33559014;22012772
22144;3.5700001717;37771;15161;1799;177152;33773694;22184886
22272;3.5540001392;37862;14248;1827;178176;33988485;22359140
22400;3.6900000572;38294;14231;1707;179200;34203390;22533412
22528;3.6510002613;38268;14831;1672;180224;34418405;22709843
22656;3.6790001392;38689;14955;2148;181248;34633532;22879817
22784;3.6800000668;39103;14121;2206;182272;34848768;23051895
22912;3.7310001850;38859;16975;1966;183296;35064114;23223991
23040;4.1950001717;39622;14633;2222;184320;35279570;23398245
23168;3.7680001259;39792;16734;2010;185344;35495133;23570360
23296;3.7760002613;39593;16408;1761;186368;35710805;23744614
23424;3.8190002441;40107;15371;2445;187392;35926584;23918884
23552;3.8020002842;40347;15614;2159;188416;36142469;24095315
23680;3.8990001678;40760;16269;2465;189440;36358460;24267449
23808;3.9130001068;40755;17338;2235;190464;36574557;24441703
23936;3.9180002213;41346;16412;1911;191488;36790759;24615975
24064;5.2760000229;41630;16267;2275;192512;37007065;24792406
24192;3.9830002785;41793;17666;2133;193536;37223475;24966696
24320;4.0520000458;42518;18789;1847;194560;37439988;25143126
24448;4.0479736328;42498;17310;3035;195584;37656604;25319580
24576;4.1170001030;41598;17554;3077;196608;37873322;25498181
24704;4.1060004234;42245;18054;3915;197632;38090141;25563103
24832;4.0960001945;42714;19246;3256;198656;38307062;25630094
24960;4.1160001755;42860;17990;3066;199680;38524083;25697102
25088;4.1579999924;44091;20590;3573;200704;38741205;25766268
25216;4.1370000839;43810;19581;2447;201728;38958426;25833294
25344;4.1310000420;43884;18173;2353;202752;39175746;25902461
25472;4.1810002327;44253;20174;2228;203776;39393164;25971645
25600;4.1909999847;44932;17811;3346;204800;39610681;26042987
25728;4.1930003166;44897;20744;3392;205824;39828295;26110032
25856;4.1800003052;45097;20895;2209;206848;40046006;26179197
25984;4.2200002670;45313;20396;2400;207872;40263814;26248381
26112;4.1750001907;46054;19365;3287;208896;40481717;26319724
26240;4.2520003319;46291;20868;3263;209920;40699717;26388926
26368;4.2000002861;45965;20023;2316;210944;40917812;26460268
26496;4.2320003510;46416;20925;2246;211968;41136001;26531629
26624;4.2420001030;46903;21753;3781;212992;41354285;26605147
26752;4.3180003166;47192;22111;3479;214016;41572662;26672211
26880;4.2490000725;47085;20985;2299;215040;41791133;26741375
27008;4.2520003319;47362;21861;2255;216064;42009697;26810559
27136;4.2930002213;48435;22209;3251;217088;42228353;26881902
27264;4.2930002213;48342;21453;3166;218112;42447101;26951104
27392;4.2770004272;47745;23158;2677;219136;42665941;27022446
27520;4.3050003052;48678;23154;2678;220160;42884872;27093806
27648;4.3010001183;49479;22715;2634;221184;43103894;27167325
27776;4.3500003815;49428;23094;2562;222208;43323006;27236545
27904;4.3100004196;48820;23617;2373;223232;43542208;27307887
28032;4.3050003052;49382;22832;2277;224256;43761500;27379248
28160;4.3010001183;51005;22888;2475;225280;43980881;27452766
28288;4.3520002365;50170;22958;2383;226304;44200350;27524144
28416;4.5340003967;50007;22844;2790;227328;44419908;27597662
28544;4.3210000992;50688;24466;3606;228352;44639553;27671199
28672;5.9010004997;51491;25681;2915;229376;44859286;27746893
28800;7.4530005455;51438;26366;2739;230400;45079106;27813975
28928;4.3310003281;51043;24630;2379;231424;45299013;27883138
29056;5.9720001221;51953;23430;3459;232448;45519006;27952323
29184;4.5710000992;52883;24466;2425;233472;45739086;28023665
29312;4.9640002251;52715;24609;4766;234496;45959250;28092870
29440;4.4200000763;51677;25953;2322;235520;46179500;28164210
29568;4.4040002823;52994;22761;2543;236544;46399835;28235570
29696;4.4240002632;53479;23923;2361;237568;46620254;28309089
29824;4.4450001717;53344;23830;3705;238592;46840758;28378309
29952;4.4500002861;53660;24178;3774;239616;47061345;28449651
30080;4.4440002441;53124;26538;2681;240640;47282015;28521011
30208;5.2170004845;54797;25820;2573;241664;47502769;28594530
30336;4.5230002403;54492;25305;3640;242688;47723605;28665910
30464;4.5010004044;54097;26193;3823;243712;47944523;28739428
30592;4.5740003586;54787;26033;2299;244736;48165524;28812964
30720;4.5250000954;55782;27900;3055;245760;48386606;28888663
30848;4.5520000458;56136;27878;2701;246784;48607769;28957897
30976;4.5060000420;55876;27596;4092;247808;48829014;29029237
31104;4.5460000038;56243;27618;3093;248832;49050339;29100597
31232;4.4960002899;57173;27008;2520;249856;49271744;29174116
31360;4.8000001907;57260;27285;3178;250880;49493229;29245494
31488;4.5450000763;56646;27090;3658;251904;49714794;29319012
31616;4.5310001373;57079;27317;2953;252928;49936439;29392548
31744;4.5659999847;58764;27639;4144;253952;50158162;29468243
31872;4.5930004120;58160;28601;2833;254976;50379964;29539640
32000;4.5370001793;57582;27371;3385;256000;50601844;29613157
32128;4.5580000877;58036;25770;2779;257024;50823802;29686693
32256;4.5880002975;59720;26962;3160;258048;51045838;29762388
32384;4.5980000496;59526;31182;4318;259072;51267952;29835942
32512;4.5730004311;59366;26978;2691;260096;51490143;29911637
32640;4.5910000801;59869;28463;4458;261120;51712410;29987348
32768;4.6220002174;58506;27198;3968;262144;51934754;30065219
32896;6.8490004539;59790;35008;3919;263168;52157174;30234131
33024;4.6270003319;59386;29891;3040;264192;52379670;30405057
33152;4.6920003891;60452;32079;3227;265216;52602242;30576001
33280;4.7160000801;61265;27706;2347;266240;52824889;30749105
33408;4.7570004463;61954;30878;4548;267264;53047611;30920066
33536;4.7900004387;61729;29825;3315;268288;53270408;31093168
33664;4.8590002060;61487;31614;4392;269312;53493279;31266288
33792;4.8250002861;61265;29791;4007;270336;53716225;31441567
33920;4.9780001640;63456;30851;4520;271360;53939244;31612547
34048;4.9790000916;63424;33533;4550;272384;54162337;31785651
34176;4.9430003166;62010;30468;3306;273408;54385504;31958768
34304;4.9740004539;63495;31269;3071;274432;54608743;32134048
34432;5.0070004463;64418;32181;4367;275456;54832056;32307186
34560;5.0160002708;64054;31358;3086;276480;55055440;32482464
34688;6.8560004234;64588;35038;4252;277504;55278898;32657762
34816;5.1100001335;65148;32071;3217;278528;55502427;32835217
34944;5.0960001945;65735;31414;3313;279552;55726028;33006214
35072;5.1130003929;65380;33267;3300;280576;55949700;33179315
35200;5.1650004387;65320;33406;4243;281600;56173443;33352437
35328;5.2250003815;66407;33622;3581;282624;56397258;33527716
35456;8.2920007706;67342;34085;3292;283648;56621143;33700853
35584;5.2090001106;66424;30922;4197;284672;56845099;33876130
35712;5.2250003815;66949;31084;4164;285696;57069125;34051426
35840;5.3250002861;67996;33783;4312;286720;57293220;34228883
35968;5.3080000877;67550;31924;4347;287744;57517386;34402037
36096;5.5050001144;67866;36868;4277;288768;57741621;34577317
36224;5.3750004768;68209;35190;3581;289792;57965925;34752611
36352;5.3940000534;68495;34525;4205;290816;58190298;34930066
36480;5.4860000610;69056;37528;3590;291840;58414739;35105382
36608;5.4300003052;68754;33737;3300;292864;58639249;35282834
36736;5.4930000305;69362;35316;3136;293888;58863828;35460306
36864;5.5790004730;69708;36143;3400;294912;59088474;35639940
36992;8.3040008545;70868;36283;3275;295936;59313188;35810955
37120;5.6200003624;70552;39368;4583;296960;59537970;35984057
37248;5.6170001030;70510;36028;3505;297984;59762819;36157175
37376;5.6330003738;72110;36730;4285;299008;59987735;36332454
37504;5.6460003853;71696;36558;3432;300032;60212718;36505592
37632;5.6540002823;70648;35834;3389;301056;60437767;36680870
37760;5.6960000992;71505;36562;2838;302080;60662883;36856166
37888;5.7930002213;72547;38654;3324;303104;60888065;37033624
38016;5.8070001602;73172;36116;3746;304128;61113313;37206777
38144;5.9250001907;73292;40142;3426;305152;61338626;37382058
38272;5.8560004234;72546;36544;3316;306176;61564005;37557351
38400;5.9720001221;74171;39664;3736;307200;61789449;37734808
38528;5.8980002403;73426;35938;3503;308224;62014959;37910121
38656;5.9550004005;74120;39473;3491;309248;62240533;38087576
38784;5.9390001297;74047;38432;4065;310272;62466172;38265046
38912;6.0000004768;75199;37114;3199;311296;62691875;38444680
39040;6.0190000534;74761;38331;3566;312320;62917642;38617851
39168;6.1090002060;76497;40064;5861;313344;63143473;38793131
39296;6.0930004120;75486;39462;4708;314368;63369368;38968426
39424;6.2030000687;76427;37369;3721;315392;63595327;39145880
39552;6.1820001602;76400;40655;3465;316416;63821349;39321197
39680;6.1220002174;75872;39861;3692;317440;64047434;39498648
39808;6.2720003128;76795;39839;3933;318464;64273582;39676122
39936;6.2470002174;77913;41190;5124;319488;64499793;39855753
40064;6.2240004539;77132;37497;4154;320512;64726066;40031083
40192;6.2870001793;77361;41138;3591;321536;64952402;40208539
40320;6.3330001831;78056;41483;3921;322560;65178800;40386011
40448;6.4900002480;78998;39592;3558;323584;65405259;40565640
40576;6.3760004044;78929;40710;3304;324608;65631781;40743132
40704;6.3950004578;78994;40704;3835;325632;65858364;40922762
40832;6.3680005074;79131;39398;4079;326656;66085008;41102408
40960;9.3590002060;79215;43652;3836;327680;66311714;41284218
41088;6.4440002441;78867;42055;3992;328704;66538481;41455249
41216;6.4880003929;80167;41881;3738;329728;66765308;41628354
41344;6.5620002747;80137;43202;4978;330752;66992196;41801473
41472;6.5670003891;81275;42582;3456;331776;67219144;41976752
41600;6.6400003433;80254;40598;4175;332800;67446153;42149888
41728;8.9370002747;81572;45281;4317;333824;67673221;42325170
41856;6.6290001869;81556;44213;5284;334848;67900350;42500462
41984;6.9520001411;82247;45973;4715;335872;68127538;42677919
42112;6.8539428711;81907;45078;4297;336896;68354785;42851083
42240;6.7630004883;82442;44470;3940;337920;68582092;43026353
42368;6.7310004234;81540;41744;4148;338944;68809458;43201647
42496;6.7610001564;82828;42219;5530;339968;69036883;43379102
42624;6.8460001945;83105;44068;3899;340992;69264367;43554419
42752;6.7920002937;82832;44298;4238;342016;69491909;43731870
42880;6.8600001335;83140;42648;4012;343040;69719510;43909342
43008;7.1350002289;85021;43158;5065;344064;69947169;44088975
43136;6.9610004425;84439;43655;5154;345088;70174886;44262148
43264;6.9670004845;84000;44781;5319;346112;70402661;44437428
43392;7.1230001450;85202;46385;3348;347136;70630494;44612723
43520;7.1200003624;86129;45581;5180;348160;70858384;44790179
43648;7.1770005226;86166;46587;4096;349184;71086332;44965492
43776;7.0810003281;85484;45586;4082;350208;71314337;45142947
43904;7.1360001564;86094;46154;3974;351232;71542399;45320418
44032;7.1380004883;86928;47307;4189;352256;71770518;45500049
44160;7.1840004921;86375;47205;4319;353280;71998693;45675381
44288;7.1990003586;86858;47417;4054;354304;72226925;45852835
44416;7.1700005531;87074;44353;4419;355328;72455214;46030305
44544;7.1870002747;87725;44222;4369;356352;72683559;46209936
44672;7.6450004578;87921;48217;4217;357376;72911959;46387429
44800;7.3460001945;88178;48550;4039;358400;73140416;46567058
44928;7.6030001640;88993;46465;4530;359424;73368928;46746707
45056;7.4200005531;88858;47036;4194;360448;73597497;46928513
45184;7.4230003357;89111;46348;4604;361472;73826120;47101705
45312;10.7410001755;89331;49235;4499;362496;74054799;47276984
45440;7.4710001945;89780;48683;4733;363520;74283533;47452279
45568;7.5570001602;90853;51148;6301;364544;74512321;47629735
45696;7.5530004501;89938;49769;5445;365568;74741165;47805048
45824;10.9830007553;91375;51016;5278;366592;74970063;47982505
45952;7.6040005684;90599;48980;4444;367616;75199016;48159974
46080;7.7920002937;92469;50421;5837;368640;75428023;48339607
46208;7.6880002022;91488;48684;4702;369664;75657085;48514937
46336;7.6720004082;91309;49569;5660;370688;75886200;48692391
46464;7.7350001335;91701;49289;6023;371712;76115369;48869863
46592;7.8300004005;93677;52995;5859;372736;76344592;49049495
46720;7.7710003853;92317;50377;4505;373760;76573869;49226984
46848;7.8000001907;92327;50010;5507;374784;76803199;49406614
46976;7.7809448242;92788;49872;4917;375808;77032583;49586263
47104;8.0020008087;94350;52457;4824;376832;77262019;49768069
47232;7.8670005798;93142;49431;6179;377856;77491509;49943419
47360;7.8520002365;93251;53589;5347;378880;77721051;50120874
47488;10.8620004654;94529;54649;4971;379904;77950646;50298347
47616;8.0780000687;95595;54030;5588;380928;78180294;50477976
47744;7.9930005074;94365;50065;4080;381952;78409995;50655466
47872;8.0729999542;94444;53023;6247;382976;78639747;50835097
48000;8.0870008469;94886;52646;4646;384000;78869552;51014744
48128;8.0530004501;95726;53655;4578;385024;79099409;51196551
48256;8.2250003815;96072;50949;4202;386048;79329317;51374059
48384;8.2460002899;96578;53220;5146;387072;79559278;51553693
48512;8.1830005646;95945;52746;4933;388096;79789290;51733337
48640;8.1700000763;96891;54812;5059;389120;80019353;51915145
48768;8.2150001526;97346;50487;4777;390144;80249468;52094810
48896;8.3090000153;98272;56114;6112;391168;80479634;52276617
49024;8.2870006561;98564;55325;8264;392192;80709851;52458440
49152;8.3280000687;96139;52516;4777;393216;80940120;52642426
49280;8.3340005875;97137;53697;4910;394240;81170439;52710563
49408;8.4020004272;98732;56499;6584;395264;81400808;52780754
49536;8.7790002823;97889;56953;5384;396288;81631228;52850961
49664;11.3800001144;99641;54388;5863;397312;81861699;52923329
49792;11.3600006104;99464;56123;5536;398336;82092220;52993555
49920;8.3780002594;99015;55554;6459;399360;82322791;53065920
50048;8.4360008240;99799;56660;6252;400384;82553412;53138304
50176;8.4000005722;100913;56878;6203;401408;82784083;53212848
50304;9.2590007782;100211;55790;6057;402432;83014804;53283091
50432;8.3960008621;100139;56251;4950;403456;83245574;53355458
50560;8.4110002518;100350;57485;5227;404480;83476394;53427841
50688;8.4320001602;101675;58333;6288;405504;83707263;53502384
50816;8.5110006332;101967;59623;4898;406528;83938182;53574786
50944;8.4130001068;101242;57897;4742;407552;84169149;53649329
51072;10.3740005493;101852;55059;5426;408576;84400166;53723890
51200;11.4790000916;103312;56466;6164;409600;84631232;53800608
51328;8.5040006638;102939;59383;6452;410624;84862346;53870869
51456;8.4800004959;103330;59802;6046;411648;85093509;53943235
51584;8.4769287109;102870;60806;6487;412672;85324721;54015619
51712;8.4910001755;104215;58727;6254;413696;85555981;54090162
51840;8.5100002289;104038;59520;5357;414720;85787289;54162564
51968;11.9800004959;103777;61304;5603;415744;86018646;54237109
52096;8.4890003204;103849;59751;6492;416768;86250050;54311666
52224;16.6970005035;106349;63686;6880;417792;86481503;54388387
52352;8.5600004196;105844;58307;5666;418816;86713003;54460805
52480;8.5860004425;105033;58303;5675;419840;86944551;54535350
52608;8.6240005493;104677;59097;5027;420864;87176147;54609907
52736;8.5620002747;106477;57978;5481;421888;87407790;54686626
52864;8.5890007019;106662;57577;4999;422912;87639481;54761204
52992;8.9810009003;107011;61871;6383;423936;87871218;54837926
53120;8.6750001907;107320;61597;6659;424960;88103003;54914658
53248;8.6430006027;108119;60546;6400;425984;88334835;54993553
53376;8.6270008087;107530;59497;5799;427008;88566714;55063832
53504;8.6610002518;107641;61915;6765;428032;88798639;55136199
53632;8.6140003204;107128;59739;5280;429056;89030612;55208583
53760;8.7410001755;109289;61082;7365;430080;89262630;55283126
53888;11.0110006332;109691;61637;5259;431104;89494696;55355530
54016;8.6600008011;107818;64697;6857;432128;89726807;55430070
54144;10.4490003586;109586;63316;6456;433152;89958965;55504631
54272;10.6110000610;110990;59872;6991;434176;90191169;55581351
54400;12.1430006027;111937;69257;6563;435200;90423419;55653770
54528;8.6880006790;109518;64055;6592;436224;90655715;55728311
54656;8.6940002441;109359;64418;5903;437248;90888057;55802871
54784;8.8320007324;111948;61141;6941;438272;91120444;55879592
54912;10.2380008698;111230;63371;6778;439296;91352877;55954170
55040;11.7020006180;111290;67752;6337;440320;91585356;56030889
55168;11.9020004272;111549;64115;5588;441344;91817879;56107623
55296;8.7670001984;113118;63037;6460;442368;92050449;56186517
55424;8.7820005417;112475;61789;6968;443392;92283063;56258955
55552;8.7309999466;111738;65520;5592;444416;92515722;56333497
55680;8.7690000534;112666;64621;5689;445440;92748427;56408058
55808;9.0180006027;114249;61364;5670;446464;92981176;56484774
55936;8.7949829102;113478;63900;6962;447488;93213970;56559354
56064;8.8380002975;111779;64234;7245;448512;93446808;56636072
56192;11.9360008240;114607;66243;5964;449536;93679691;56712810
56320;8.7970008850;115951;64719;6063;450560;93912619;56791703
56448;8.8550004959;114613;63279;5622;451584;94145591;56866301
56576;9.1230001450;114945;70187;6160;452608;94378607;56943017
56704;10.3310003281;115901;66808;7320;453632;94611667;57019755
56832;8.7860002518;116511;64670;5806;454656;94844772;57098649
56960;11.6610002518;116034;68166;6410;455680;95077920;57175404
57088;9.3440008163;115260;65093;7339;456704;95311112;57254298
57216;9.8300008774;116959;65413;5403;457728;95544348;57333208
57344;11.9640007019;117026;67474;6215;458752;95777627;57414280
57472;8.8740005493;117351;67811;6130;459776;96010951;57484577
57600;10.7200002670;116772;68427;5763;460800;96244317;57556943
57728;8.8870000839;118186;65294;5706;461824;96477727;57629327
57856;10.6700000763;119533;70026;6683;462848;96711180;57703873
57984;8.9610004425;118552;67821;5519;463872;96944677;57776275
58112;11.0780000687;118482;71035;6582;464896;97178216;57850816
58240;8.8880004883;119407;71018;7636;465920;97411798;57925375
58368;9.0290002823;119867;66877;5191;466944;97645424;58002093
58496;8.9739999771;119237;68103;6154;467968;97879092;58074513
58624;8.9920005798;119130;69098;7750;468992;98112802;58149055
58752;8.9960002899;120315;70395;7229;470016;98346556;58223617
58880;10.6400003433;121301;68332;6663;471040;98580352;58300334
59008;9.0329999924;120624;67933;7094;472064;98814190;58374912
59136;9.0010004044;119663;69562;6766;473088;99048071;58451630
59264;8.9790000916;121272;68480;5974;474112;99281993;58528366
59392;9.0340003967;123710;69949;7759;475136;99515958;58607262
59520;9.1350002289;122756;72229;6068;476160;99749965;58679699
59648;9.0460004807;121729;70201;6357;477184;99984014;58754243
59776;9.0750007629;122347;72785;5543;478208;100218105;58828802
59904;9.0530004501;124245;70430;7375;479232;100452238;58905520
60032;9.1700000763;123405;68915;6231;480256;100686412;58980100
60160;9.0390005112;122171;73770;5733;481280;100920628;59056816
60288;9.0750007629;122971;69714;5865;482304;101154886;59133552
60416;9.0680007935;124571;72290;5637;483328;101389185;59212449
60544;9.1820001602;124370;70297;6468;484352;101623525;59287045
60672;9.0530004501;123989;72540;6637;485376;101857906;59363761
60800;9.2600002289;123976;70087;5869;486400;102092329;59440498
60928;9.0680007935;126338;70537;5939;487424;102326793;59519392
61056;11.5950002670;125773;75112;7917;488448;102561297;59596146
61184;11.1020002365;125120;73205;6350;489472;102795843;59675042
61312;9.1390008926;125096;71841;5984;490496;103030430;59753954
61440;10.3530006409;126322;73585;6370;491520;103265057;59835025
61568;9.2050008774;125557;70908;6280;492544;103499725;59907479
61696;9.1290006638;124883;72195;7032;493568;103734433;59982021
61824;9.1720008850;126759;70835;6031;494592;103969182;60056581
61952;9.2090005875;129406;76748;6510;495616;104203971;60133302
62080;9.1649999619;128721;72925;6291;496640;104438801;60207879
62208;9.2290000916;126461;73451;6287;497664;104673670;60284597
62336;9.3080005646;127879;72496;6733;498688;104908580;60361334
62464;9.1850004196;129754;71618;6190;499712;105143530;60440227
62592;12.3330001831;130371;76923;7058;500736;105378520;60514824
62720;9.2690000534;128360;75350;6259;501760;105613550;60591541
62848;9.2590007782;128459;74740;6505;502784;105848620;60668278
62976;9.2660007477;131922;74780;6721;503808;106083730;60747174
63104;9.2850008011;130847;75563;6679;504832;106318879;60823928
63232;9.2680006027;130299;78409;6614;505856;106554067;60902820
63360;9.3040008545;129981;78377;6929;506880;106789296;60981732
63488;12.3710002899;134195;79429;7256;507904;107024563;61062804
63616;9.3990001678;131985;76790;6836;508928;107259870;61137417
63744;9.3260002136;131112;78560;6803;509952;107495217;61214135
63872;9.3400001526;131319;80356;7017;510976;107730602;61290871
64000;9.3340005875;134572;74476;5868;512000;107966026;61369766
64128;9.2980003357;132804;73928;6159;513024;108201490;61446520
64256;9.9179687500;132680;79221;6610;514048;108436992;61525423
64384;9.4180002213;133310;77273;6998;515072;108672534;61604325
64512;9.4000005722;135940;77268;6505;516096;108908114;61685397
64640;9.3350000381;134701;77465;6728;517120;109143733;61762169
64768;9.5520000458;134353;77036;7180;518144;109379390;61841063
64896;9.4100008011;134137;78222;6974;519168;109615086;61919975
65024;12.5270004272;135838;78630;7462;520192;109850821;62001047
65152;9.3770008087;136518;79127;6866;521216;110086594;62079976
65280;9.3950004578;135731;78960;7112;522240;110322405;62161046
65408;9.4090003967;137237;78620;6850;523264;110558255;62242134
65536;9.8300008774;134104;81579;8502;524288;110794142;62325383
65664;9.4120006561;133218;76789;6449;525312;111030068;62497511
65792;9.4290008545;134991;80438;6815;526336;111266032;62671637
65920;9.5320005417;135631;79982;7301;527360;111502034;62845783
66048;9.5370006561;139035;80591;7637;528384;111738074;63022086
66176;9.7010002136;138115;80672;7006;529408;111974151;63196249
66304;9.9780006409;137502;80763;7228;530432;112210266;63372551
66432;9.7040004730;138461;80767;6743;531456;112446419;63548871
66560;9.6310005188;139388;80157;6855;532480;112682610;63727347
66688;9.6450004578;139734;79950;6722;533504;112918838;63901528
66816;9.6590003967;139767;79045;6748;534528;113155103;64077830
66944;12.8310003281;139269;82606;7745;535552;113391406;64254150
67072;9.7270002365;140569;82225;7477;536576;113627747;64432628
67200;9.7900009155;142174;82984;8687;537600;113864124;64608966
67328;9.8400001526;141236;84546;8167;538624;114100539;64787444
67456;12.9360008240;141331;86423;7905;539648;114336990;64965942
67584;9.8690004349;142258;81656;6642;540672;114573479;65146595
67712;12.9550008774;142941;87458;7435;541696;114810005;65320793
67840;11.3170003891;143523;82305;7439;542720;115046567;65497097
67968;9.9640007019;140817;84810;6872;543744;115283167;65673415
68096;13.4860010147;144053;87206;8980;544768;115519803;65851899
68224;10.3160009384;144430;85792;9156;545792;115756476;66028235
68352;10.2340002060;141726;84347;7412;546816;115993185;66206710
68480;10.1810007095;142436;87859;8591;547840;116229931;66385208
68608;10.2960004807;144787;86866;7537;548864;116466713;66565863
68736;10.2150001526;144318;83990;7074;549888;116703532;66742219
68864;10.3140001297;146167;91953;7506;550912;116940387;66920695
68992;10.2290000916;144375;87062;8539;551936;117177279;67099193
69120;10.2390003204;145845;87602;7470;552960;117414206;67279848
69248;10.3190002441;145747;84708;7386;553984;117651170;67458360
69376;10.3810005188;144327;85422;7794;555008;117888170;67639016
69504;10.3490009308;143833;82567;7630;556032;118125206;67819687
69632;10.3060007095;146590;87544;7498;557056;118362277;68002518
69760;10.4170007706;150023;86728;7941;558080;118599385;68176735
69888;13.4980010986;148419;88726;8551;559104;118836529;68353036
70016;10.4040002823;147286;86420;8532;560128;119073708;68529355
70144;10.8450002670;150253;94815;7800;561152;119310923;68707837
70272;10.6670007706;150336;87308;7358;562176;119548173;68884172
70400;10.5220003128;148748;88381;8848;563200;119785459;69062650
70528;10.5850000381;149755;89219;8815;564224;120022780;69241149
70656;10.6740007401;151445;90056;8682;565248;120260137;69421804
70784;14.4710006714;151444;92000;8704;566272;120497529;69598161
70912;10.6170005798;150869;89110;7593;567296;120734957;69776637
71040;10.7130002975;150752;90564;7822;568320;120972420;69955133
71168;10.6400003433;151578;87982;7266;569344;121209918;70135787
71296;10.7740001678;150311;90023;7383;570368;121447451;70314303
71424;10.7940006256;152566;92026;8288;571392;121685019;70494954
71552;10.8120002747;150159;90451;7404;572416;121922621;70675627
71680;10.8080005646;151371;89298;7394;573440;122160259;70858458
71808;10.9060001373;151590;91146;7492;574464;122397932;71034833
71936;10.8280000687;152712;90655;7481;575488;122635640;71213311
72064;10.9690008163;151769;91104;7572;576512;122873382;71391806
72192;10.8930006027;154187;91748;7913;577536;123111159;71572462
72320;11.0020008087;155077;89271;8020;578560;123348970;71750976
72448;11.0059814453;153075;90619;7567;579584;123586816;71931636
72576;11.0430002213;152986;90471;7776;580608;123824697;72112300
72704;11.0900001526;154567;95455;8011;581632;124062611;72295133
72832;11.1360006332;154248;89578;7719;582656;124300561;72473664
72960;11.1700000763;155330;91778;7609;583680;124538544;72654319
73088;11.1200008392;154061;90884;7602;584704;124776562;72834990
73216;11.3230009079;157238;92672;8649;585728;125014614;73017822
73344;11.2920007706;157864;92940;9039;586752;125252700;73198512
73472;11.2300004959;157868;94716;7743;587776;125490820;73381342
73600;14.4070005417;159435;95411;9252;588800;125728974;73564189
73728;11.2320003510;157866;94828;7652;589824;125967162;73749198
73856;11.3730001450;158772;96018;9319;590848;126205384;73923431
73984;11.3940010071;158746;95895;9323;591872;126443640;74099733
74112;11.3490009308;158844;92864;7932;592896;126681929;74276054
74240;11.4170007706;159405;94977;7985;593920;126920252;74454532
74368;11.5020008087;159914;97536;7940;594944;127158609;74630870
74496;11.8060007095;158485;95489;8063;595968;127397000;74809348
74624;11.5110006332;157964;93771;7986;596992;127635424;74987844
74752;14.7460002899;162212;100055;10261;598016;127873881;75168501
74880;14.7360010147;162214;99687;8983;599040;128112372;75344856
75008;11.5050001144;161063;98075;8654;600064;128350896;75523333
75136;11.8880004883;159888;95021;8279;601088;128589453;75701830
75264;14.6950006485;162904;97961;8365;602112;128828044;75882485
75392;14.7070007324;163330;99704;9353;603136;129066668;76060999
75520;11.6740007401;162832;100738;8578;604160;129305325;76241653
75648;11.7700004578;162885;97751;9572;605184;129544015;76422324
75776;11.7310009003;163811;98969;9486;606208;129782738;76605155
75904;11.8280010223;164675;99077;9730;607232;130021494;76781529
76032;11.7720003128;163301;98389;8810;608256;130260283;76960005
76160;11.8190002441;164420;101021;8802;609280;130499105;77138503
76288;14.9610004425;165302;100456;8512;610304;130737960;77319159
76416;11.9049682617;164608;97553;8469;611328;130976847;77497672
76544;11.9100008011;164373;99545;8847;612352;131215767;77678326
76672;15.4290008545;165889;102072;9923;613376;131454720;77858999
76800;12.1350002289;168392;103959;15859;614400;131693705;78041830
76928;12.1090002060;167438;99350;8627;615424;131932723;78220361
77056;12.1050004959;164850;99139;8351;616448;132171773;78401015
77184;12.1060009003;165966;99445;8807;617472;132410855;78581687
77312;12.1300001144;168356;99860;9414;618496;132649970;78764519
77440;12.1320009232;167264;101385;9548;619520;132889118;78945208
77568;15.2180004120;168307;105639;10089;620544;133128297;79128039
77696;12.3690004349;168206;102688;8510;621568;133367509;79310886
77824;12.1900005341;169652;101944;8800;622592;133606753;79495893
77952;15.6110010147;169666;105350;9819;623616;133846029;79672287
78080;12.2000007629;169038;101395;8188;624640;134085337;79850763
78208;12.2920007706;167541;101388;8514;625664;134324677;80029259
78336;12.3900003433;170728;102293;8630;626688;134564049;80209915
78464;12.3550004959;170491;104442;8851;627712;134803453;80388428
78592;12.3310003281;170688;103398;8707;628736;135042888;80569082
78720;12.5460004807;171246;104827;9469;629760;135282356;80749757
78848;12.4270009995;171580;102703;8588;630784;135521855;80932585
78976;12.5160007477;169472;102811;8425;631808;135761386;81111117
79104;12.5140008926;171811;105802;8805;632832;136000948;81291771
79232;12.5500001907;171621;104908;8724;633856;136240542;81472445
79360;12.5470008850;174161;103244;8904;634880;136480168;81655274
79488;12.6440010071;170603;105103;8687;635904;136719825;81835964
79616;13.0930004120;172304;104772;8403;636928;136959513;82018795
79744;12.6320009232;171178;104791;8715;637952;137199233;82201642
79872;12.6920003891;172974;103122;9094;638976;137438984;82386649
80000;12.7480001450;173725;103697;8628;640000;137678766;82565202
80128;12.7210006714;174193;107340;9134;641024;137918580;82745854
80256;12.8390007019;172429;105225;9172;642048;138158425;82926525
80384;12.7370004654;175538;104323;9021;643072;138398301;83109356
80512;12.8980007172;173189;105630;9082;644096;138638208;83290046
80640;12.8310003281;173761;104651;8878;645120;138878146;83472876
80768;16.1060009003;177192;110927;10119;646144;139118115;83655725
80896;15.9680004120;177757;110446;10361;647168;139358114;83840732
81024;13.1040010452;178065;107335;10972;648192;139598145;84021439
81152;16.3790016174;177936;109858;9952;649216;139838207;84204271
81280;12.9360008240;178491;111595;12436;650240;140078299;84387115
81408;16.1350002289;178795;110412;10555;651264;140318422;84572126
81536;13.1160001755;179093;109692;11568;652288;140558576;84754992
81664;16.0890007019;178919;108569;10165;653312;140798760;84939997
81792;13.3460006714;179935;110407;10824;654336;141038975;85125023
81920;13.8210010529;177845;109761;9293;655360;141279221;85312203
82048;19.2810001373;179642;113951;10657;656384;141519497;85486457
82176;15.0070009232;180324;112456;10218;657408;141759803;85662759
82304;13.2660007477;181087;112932;12514;658432;142000140;85839079
82432;13.2070007324;181479;112212;11923;659456;142240507;86017556
82560;13.2540006638;180451;109062;9269;660480;142480905;86193894
82688;13.3310003281;180150;111766;9423;661504;142721333;86372374
82816;13.3250007629;179301;108111;9509;662528;142961790;86550868
82944;13.4210004807;180576;112030;9134;663552;143202279;86731523
83072;13.4330005646;181562;112921;9209;664576;143442797;86907879
83200;13.4840002060;180898;110345;9046;665600;143683345;87086358
83328;13.8880004883;181198;111582;9184;666624;143923923;87264855
83456;13.5450010300;182915;113487;9548;667648;144164532;87445508
83584;13.6500005722;181681;111096;9205;668672;144405170;87624023
83712;13.5220003128;181478;111392;9241;669696;144645838;87804676
83840;13.6490011215;183768;114359;9742;670720;144886536;87985350
83968;13.6010007858;183047;112115;9172;671744;145127263;88168179
84096;13.7450008392;184655;110589;10205;672768;145368021;88344554
84224;16.9520015717;185779;119620;10689;673792;145608808;88523033
84352;13.7100009918;185616;115236;9038;674816;145849625;88701530
84480;13.7110004425;186854;115354;10698;675840;146090471;88882182
84608;17.0220012665;186295;117323;10386;676864;146331347;89060697
84736;13.8040008545;186420;115054;11230;677888;146572253;89241353
84864;13.8120002747;186207;114554;10230;678912;146813188;89422022
84992;16.9479999542;188199;116097;10681;679936;147054152;89604854
85120;17.3920001984;188115;116913;10594;680960;147295146;89783387
85248;17.0970001221;188387;119686;11967;681984;147536169;89964043
85376;18.5610008240;187535;121388;11082;683008;147777221;90144715
85504;14.0350008011;189998;118568;11980;684032;148018303;90327543
85632;17.3830013275;190447;118617;11202;685056;148259414;90508233
85760;17.0740013123;189568;117051;11223;686080;148500554;90691063
85888;14.0690002441;189335;116343;11264;687104;148741723;90873912
86016;14.2520008087;190086;118499;11115;688128;148982921;91058920
86144;14.1260004044;191175;115510;9986;689152;149224148;91235309
86272;14.1850004196;190003;117665;11051;690176;149465405;91413790
86400;15.2600011826;190982;119951;10780;691200;149706690;91592285
86528;14.1480007172;191201;116702;12001;692224;149948004;91772939
86656;14.3430004120;191362;118285;11507;693248;150189347;91951452
86784;14.3250007629;191271;121684;10975;694272;150430719;92132109
86912;14.3290004730;191913;121743;9681;695296;150672119;92312780
87040;17.5080013275;193811;124109;11298;696320;150913549;92495608
87168;14.3930006027;192750;122603;10966;697344;151155007;92674144
87296;14.3640003204;193233;122104;10623;698368;151396493;92854796
87424;17.5729999542;194096;119921;10738;699392;151638009;93035469
87552;17.7700004578;196879;125187;11051;700416;151879552;93218300
87680;17.6770000458;193012;120741;10936;701440;152121125;93398990
87808;14.4710006714;193890;124010;10367;702464;152362726;93581820
87936;17.9130001068;195392;123776;12108;703488;152604355;93764667
88064;14.5650005341;196281;119508;11805;704512;152846013;93949674
88192;14.6280002594;195155;123340;10690;705536;153087699;94128225
88320;14.6640005112;195159;124773;10723;706560;153329413;94308879
88448;14.6330003738;195462;121657;11185;707584;153571156;94489549
88576;14.6110010147;197228;121094;11742;708608;153812927;94672381
88704;15.4830007553;195447;125941;10881;709632;154054726;94853073
88832;14.7220010757;196380;124011;10412;710656;154296553;95035902
88960;14.8160009384;196336;124534;11340;711680;154538408;95218749
89088;17.8760013580;199105;123741;11580;712704;154780292;95403757
89216;14.8550004959;196762;122851;10768;713728;155022203;95584466
89344;14.8270006180;198055;124729;11253;714752;155264143;95767295
89472;14.8210010529;197986;125901;10496;715776;155506110;95950143
89600;14.9240007401;200582;125501;10467;716800;155748105;96135150
89728;18.4650001526;198579;127219;10792;717824;155990129;96318018
89856;15.1860008240;200166;124747;10936;718848;156232180;96503023
89984;17.9630012512;200435;124675;11234;719872;156474259;96688046
90112;15.0520009995;201014;124851;11256;720896;156716365;96875229
90240;15.0340003967;199089;122984;10389;721920;156958499;97051638
90368;15.2380008698;200416;124527;10973;722944;157200661;97230113
90496;15.1630010605;200841;127693;12459;723968;157442851;97408613
90624;15.1590003967;203028;127545;12558;724992;157685068;97589269
90752;15.2420005798;200371;128330;11723;726016;157927313;97767782
90880;15.2230005264;202287;127946;11884;727040;158169585;97948437
91008;21.8460006714;202965;130630;12618;728064;158411885;98129113
91136;15.3340005875;202673;127870;12680;729088;158654212;98311938
91264;20.0420017242;202630;130057;11170;730112;158896567;98490473
91392;15.4190006256;202562;128871;12424;731136;159138949;98671126
91520;20.4300003052;204611;129779;14387;732160;159381358;98851799
91648;15.3590011597;205241;126560;11710;733184;159623795;99034628
91776;15.4840011597;201355;124952;11355;734208;159866259;99215316
91904;15.4010009766;203534;126960;10508;735232;160108750;99398149
92032;15.5190010071;203929;129802;11958;736256;160351268;99580996
92160;15.5760011673;206876;130650;13244;737280;160593814;99766003
92288;18.7540016174;205879;133648;11894;738304;160836386;99944554
92416;18.9670009613;205742;133927;11013;739328;161078986;100125208
92544;15.5960006714;204280;130154;11339;740352;161321612;100305882
92672;16.1480007172;207937;129378;13627;741376;161564266;100488709
92800;18.8860015869;207060;131776;11695;742400;161806946;100669401
92928;15.6530008316;205653;130722;11219;743424;162049654;100852230
93056;15.7020006180;205270;126612;11004;744448;162292388;101035079
93184;15.7330007553;207672;132904;11197;745472;162535149;101220086
93312;15.8650007248;205891;129019;10943;746496;162777937;101400793
93440;15.7990007401;205579;130283;11247;747520;163020752;101583623
93568;15.7100009918;207059;126458;10841;748544;163263593;101766469
93696;15.8740005493;209414;133239;11151;749568;163506461;101951478
93824;15.9140005112;208087;130633;11536;750592;163749356;102134345
93952;15.9600009918;209467;133693;11663;751616;163992278;102319351
94080;15.9260005951;208502;128313;12281;752640;164235226;102504374
94208;15.9570007324;211819;131522;11387;753664;164478200;102691557
94336;16.0110015869;208995;132859;11446;754688;164721201;102870124
94464;19.0620002747;209619;134236;12837;755712;164964229;103050779
94592;19.2650012970;211356;135289;11980;756736;165207283;103231451
94720;20.8270015717;212673;137425;12200;757760;165450363;103414284
94848;16.2030010223;211625;130031;11094;758784;165693470;103594976
94976;16.7569999695;211817;135566;12719;759808;165936603;103777802
95104;16.1450004578;211286;138762;12835;760832;166179762;103960651
95232;16.1900005341;214115;134221;12031;761856;166422948;104145657
95360;16.6450004578;213506;137618;12290;762880;166666160;104326364
95488;16.2980003357;211547;133136;12779;763904;166909398;104509195
95616;16.2370014191;214059;133053;13082;764928;167152662;104692044
95744;16.3250007629;214166;132307;12889;765952;167395952;104877051
95872;19.4560012817;214550;136440;11937;766976;167639269;105059919
96000;19.3810005188;214900;140347;12719;768000;167882611;105244924
96128;16.3240013123;214210;137111;12062;769024;168125979;105429947
96256;20.0110015869;215891;140001;12698;770048;168369374;105617133
96384;19.4990005493;216447;138196;12381;771072;168612794;105797854
96512;19.5340003967;216166;135547;12280;772096;168856241;105980686
96640;16.4710006714;215844;139209;12285;773120;169099713;106163535
96768;16.4820003510;216770;138092;12136;774144;169343211;106348540
96896;17.1319999695;216572;133180;12387;775168;169586735;106531408
97024;19.7060012817;216465;142519;12504;776192;169830284;106716413
97152;16.7650012970;217492;136901;13967;777216;170073860;106901438
97280;16.7430000305;221755;142333;20800;778240;170317461;107088619
97408;18.6100006104;217639;135689;12336;779264;170561087;107271504
97536;19.8480014801;221316;140332;16571;780288;170804740;107456510
97664;16.7380008698;218109;136864;12455;781312;171048418;107641534
97792;16.7600002289;220183;136247;11199;782336;171292121;107828718
97920;16.9020004272;220798;140796;12956;783360;171535850;108013758
98048;19.9130001068;222014;144409;14257;784384;171779605;108200942
98176;16.8910007477;222031;142195;14136;785408;172023385;108388142
98304;16.8330001831;218076;139005;11974;786432;172267191;108577500
98432;20.0270004272;218463;143674;12666;787456;172511022;108648857
98560;16.9080009460;219313;141249;12956;788480;172754878;108722249
98688;17.0990009308;220230;139709;12334;789504;172998759;108795654
98816;16.9280014038;223570;147112;12104;790528;173242666;108871223
98944;21.0710010529;221960;140360;12866;791552;173486599;108944647
99072;16.9000015259;221802;138265;14495;792576;173730556;109020214
99200;17.0250015259;222658;146673;13162;793600;173974539;109095798
99328;17.1710014343;223405;140499;13864;794624;174218547;109173542
99456;22.4260005951;224721;147395;14300;795648;174462580;109246989
99584;17.0260009766;222691;145990;14679;796672;174706638;109322551
99712;16.9840011597;222525;145679;12957;797696;174950721;109398135
99840;17.5250015259;227157;141953;14801;798720;175194829;109475880
99968;17.0680007935;224441;147260;14243;799744;175438962;109551480
100096;18.4270000458;223712;147369;13402;800768;175683121;109629223
100224;21.5710010529;226426;146513;13553;801792;175927304;109706986
100352;18.9400005341;227274;142542;13349;802816;176171512;109786903
100480;19.1880016327;225844;141810;15168;803840;176415745;109860366
100608;17.0640010834;225628;141258;13888;804864;176660003;109935927
100736;17.0460014343;225443;146615;11943;805888;176904285;110011513
100864;17.3220005035;227896;143304;12082;806912;177148593;110089258
100992;17.2830009460;227056;148710;15415;807936;177392925;110164859
101120;17.1000003815;226423;145044;13158;808960;177637282;110242601
101248;17.2080001831;227014;147757;12753;809984;177881664;110320363
101376;20.4310016632;229780;149413;13633;811008;178126070;110400280
101504;19.0590000153;230215;147762;14596;812032;178370501;110475902
101632;20.1980018616;228106;147014;13115;813056;178614956;110553642
101760;17.2490005493;228927;145217;14273;814080;178859436;110631404
101888;20.2870006561;230065;148617;13859;815104;179103941;110711321
102016;17.2569999695;230448;148076;12981;816128;179348470;110789098
102144;17.3280010223;230092;148565;14743;817152;179593024;110869017
102272;20.4870014191;229771;146292;14104;818176;179837602;110948953
102400;17.1950016022;230374;144318;12706;819200;180082205;111031047
102528;17.3060016632;232658;148009;12740;820224;180326832;111104526
102656;17.2300014496;230913;150784;14629;821248;180571483;111180093
102784;17.2560005188;232172;148805;14958;822272;180816158;111255677
102912;17.2200012207;232506;147905;13114;823296;181060858;111333421
103040;17.2920017242;232077;151874;13747;824320;181305583;111409023
103168;17.2870006561;231546;147842;12338;825344;181550331;111486766
103296;20.5080013275;232819;153166;14530;826368;181795104;111564526
103424;18.0400009155;234620;150647;15128;827392;182039900;111644450
103552;17.4390010834;235713;150628;13977;828416;182284721;111720063
103680;17.3480014801;232704;147741;14937;829440;182529567;111797808
103808;17.2860012054;233262;151396;12647;830464;182774436;111875565
103936;20.6710014343;237032;153006;17135;831488;183019329;111955485
104064;20.5090007782;236245;153259;14633;832512;183264246;112033263
104192;17.9820003510;234602;150288;12593;833536;183509187;112113181
104320;17.3720016479;235320;150851;15005;834560;183754153;112193118
104448;17.4250011444;238568;151969;14384;835584;183999142;112275209
104576;17.5180015564;236682;155739;14988;836608;184244155;112350851
104704;17.3889999390;236248;155244;12718;837632;184489192;112428590
104832;17.4790000916;235156;154715;13661;838656;184734253;112506353
104960;17.9130001068;239117;152109;13825;839680;184979337;112586270
105088;17.5090007782;238712;151892;12766;840704;185224446;112664050
105216;20.8700008392;237138;155664;14551;841728;185469578;112743968
105344;17.4800014496;238257;154120;12923;842752;185714734;112823902
105472;20.9140014648;240610;149826;13797;843776;185959914;112906000
105600;17.4390010834;240177;149332;13132;844800;186205117;112983792
105728;17.4029998779;237736;153563;12972;845824;186450344;113063711
105856;17.4860000610;237415;155743;14881;846848;186695594;113143647
105984;19.6510009766;242517;153557;14571;847872;186940869;113225744
106112;18.5990009308;241169;153909;13670;848896;187186166;113305697
106240;17.5180015564;239512;154189;13333;849920;187431488;113387793
106368;20.5430011749;240518;155039;13135;850944;187676832;113469901
106496;20.6219482422;242266;156403;15144;851968;187922201;113554175
106624;17.5710010529;243193;154904;14462;852992;188167592;113627669
106752;17.7870006561;243170;158602;17209;854016;188413008;113703240
106880;17.5130004883;241087;154648;13400;855040;188658446;113778821
107008;17.5950012207;244221;153180;14836;856064;188903908;113856564
107136;20.7510013580;243388;157575;16457;857088;189149393;113932167
107264;17.5600013733;242360;157482;16839;858112;189394902;114009909
107392;17.6150016785;244714;157269;15379;859136;189640434;114087667
107520;17.5520000458;244862;155112;13542;860160;189885989;114167587
107648;17.6750011444;245686;154182;14951;861184;190131567;114243210
107776;18.7590007782;243114;156936;14789;862208;190377169;114320951
107904;21.3200016022;245856;159101;14596;863232;190622793;114398713
108032;17.9300003052;246466;158065;14667;864256;190868441;114478632
108160;17.7280006409;246601;157535;14840;865280;191114112;114556408
108288;18.9040012360;245600;158995;15185;866304;191359806;114636326
108416;17.6860008240;245941;156166;15441;867328;191605524;114716260
108544;17.6430015564;245416;158887;14351;868352;191851264;114798356
108672;20.9570007324;247802;157914;13859;869376;192097027;114873996
108800;17.7720012665;246871;161647;14124;870400;192342813;114951736
108928;17.7200012207;246825;161409;13721;871424;192588622;115029494
109056;17.7550010681;249209;160469;14873;872448;192834454;115109415
109184;17.8090000153;249520;158229;13899;873472;193080309;115187194
109312;17.8500003815;246665;158505;15763;874496;193326187;115267111
109440;17.7749633789;247652;164796;15077;875520;193572088;115347046
109568;17.7390003204;251451;161786;14055;876544;193818011;115429144
109696;17.8080005646;250116;158683;14733;877568;194063957;115506940
109824;17.7370014191;247803;156863;14437;878592;194309926;115586858
109952;17.8110008240;248251;160794;16987;879616;194555918;115666793
110080;21.3860015869;252780;159965;15504;880640;194801933;115748890
110208;19.5270004272;251841;158469;14733;881664;195047970;115828840
110336;17.7630004883;249865;161785;13474;882688;195294030;115910934
110464;17.7660007477;251235;162000;14527;883712;195540112;115993047
110592;18.0190010071;258699;174408;29985;884736;195786217;116077320
110720;18.1800003052;250840;166007;15170;885760;196032345;116152979
110848;18.1960010529;252399;164336;19121;886784;196278495;116230715
110976;21.2720012665;254643;163369;18443;887808;196524668;116308475
111104;17.8470001221;254539;162917;13796;888832;196770863;116388393
111232;18.0160007477;255681;165252;18218;889856;197017081;116466174
111360;17.8229999542;252785;163577;14198;890880;197263321;116546089
111488;20.9320011139;255156;166491;14156;891904;197509584;116626028
111616;24.8560009003;257507;166712;14777;892928;197755869;116708124
111744;17.9740009308;254321;162920;14661;893952;198002177;116785919
111872;17.9770011902;254001;165120;15819;894976;198248506;116865837
112000;20.0030002594;255699;164642;14896;896000;198494858;116945773
112128;17.8740005493;257765;164960;14312;897024;198741233;117027866
112256;18.2110004425;256942;164557;15345;898048;198987629;117107821
112384;19.6919555664;255326;169155;14922;899072;199234048;117189915
112512;17.9180011749;257810;168590;17383;900096;199480490;117272026
112640;20.9900016785;258347;167275;14568;901120;199726953;117356296
112768;18.1190013885;258254;168697;15523;902144;199973438;117434114
112896;17.9720001221;256259;163979;15864;903168;200219946;117514030
113024;17.9250011444;256995;166279;14834;904192;200466476;117593967
113152;21.1500015259;260678;170664;15275;905216;200713028;117676061
113280;18.0209999084;256237;164369;14205;906240;200959602;117756014
113408;23.2940006256;258185;169408;16182;907264;201206198;117838113
113536;17.8710002899;259178;166327;14102;908288;201452816;117920221
113664;18.1790008545;264932;174191;23873;909312;201699456;118004495
113792;21.4940013885;260540;165220;15444;910336;201946118;118084466
113920;17.9610004425;258223;168453;14327;911360;202192802;118166556
114048;18.8300018311;262607;171103;17685;912384;202439507;118248668
114176;18.1610012054;262269;168622;16104;913408;202686235;118332941
114304;18.1330013275;262503;166745;19314;914432;202932985;118415071
114432;21.6070003510;260873;175173;15938;915456;203179756;118499338
114560;18.0560016632;262858;172343;15902;916480;203426550;118583629
114688;21.4670009613;262005;168170;15565;917504;203673365;118670078
114816;18.1200008392;261175;170444;14924;918528;203920202;118743591
114944;21.0520019531;262368;170728;15107;919552;204167060;118819158
115072;18.0950012207;263940;170670;15790;920576;204413941;118894742
115200;18.0579833984;266455;168849;15573;921600;204660843;118972486
115328;18.1590003967;263617;170888;15281;922624;204907767;119048088
115456;21.3320007324;264312;174226;15535;923648;205154712;119125829
115584;21.2300014496;266778;170528;16447;924672;205401679;119203590
115712;18.1990013123;266692;166354;15466;925696;205648668;119283505
115840;21.6400012970;266433;174578;16421;926720;205895678;119359129
115968;18.1890010834;265832;172627;15663;927744;206142710;119436873
116096;18.1090011597;266749;170367;15103;928768;206389763;119514627
116224;18.1389999390;267268;173719;15878;929792;206636838;119594551
116352;21.5120010376;268373;167753;15402;930816;206883934;119672330
116480;18.1170005798;265971;172698;16045;931840;207131052;119752245
116608;18.1710014343;270076;175235;15151;932864;207378191;119832180
116736;21.4180011749;271369;171704;17361;933888;207625352;119914277
116864;18.3159999847;268413;175517;16900;934912;207872534;119989915
116992;18.2320003510;267944;177240;16074;935936;208119737;120067656
117120;21.3660011292;271640;176841;16115;936960;208366962;120145418
117248;18.2190017700;270768;173535;16028;937984;208614208;120225334
117376;21.3650016785;270272;177884;14921;939008;208861476;120303113
117504;18.3590011597;269165;176277;17380;940032;209108764;120383032
117632;18.2790012360;270070;174962;15688;941056;209356074;120462968
117760;18.4280014038;272030;176230;17346;942080;209603405;120545061
117888;20.1780014038;272028;175874;15684;943104;209850758;120622858
118016;18.4070014954;268427;173245;15211;944128;210098131;120702778
118144;18.2429809570;271421;174884;15110;945152;210345526;120782718
118272;21.5420017242;275246;180851;16615;946176;210592942;120864807
118400;21.4520015717;273514;177986;16043;947200;210840379;120944763
118528;18.5380001068;270907;174336;15124;948224;211087837;121026856
118656;20.7700004578;274246;179600;19089;949248;211335316;121108968
118784;21.4260005951;275357;177447;17247;950272;211582816;121193239
118912;21.6380004883;274671;179950;17840;951296;211830338;121268895
119040;18.3580017090;272890;179537;17044;952320;212077880;121346637
119168;18.9450016022;274406;178951;16550;953344;212325443;121424397
119296;20.6840019226;277887;179353;17011;954368;212573027;121504319
119424;20.2100009918;275309;177248;15539;955392;212820632;121582093
119552;18.3930015564;275267;180475;17617;956416;213068258;121662010
119680;18.4050006866;274755;177566;17337;957440;213315905;121741948
119808;18.4500007629;275485;175988;15219;958464;213563573;121824041
119936;21.6440010071;279365;180987;25648;959488;213811261;121901840
120064;18.8030014038;275324;178194;15795;960512;214058971;121981756
120192;18.5390014648;275201;181078;16349;961536;214306701;122061694
120320;23.6730003357;280237;183297;18801;962560;214554452;122143791
120448;18.5340003967;277397;178816;17800;963584;214802224;122223740
120576;21.6990013123;277661;180080;20132;964608;215050016;122305837
120704;25.0620002747;277207;178773;16768;965632;215297830;122387950
120832;18.5090007782;281437;176321;17582;966656;215545664;122472217
120960;18.7350006104;279985;180914;16291;967680;215793518;122550033
121088;21.9320011139;278573;177613;16460;968704;216041393;122629958
121216;22.2830009460;279772;183887;16625;969728;216289289;122709888
121344;18.5430011749;282836;181998;16128;970752;216537206;122791981
121472;21.4420013428;281326;183651;15947;971776;216785143;122871936
121600;18.5230007172;278234;184509;18408;972800;217033100;122954029
121728;18.4980010986;276152;177857;15353;973824;217281079;123036141
121856;18.6389999390;285019;179431;15795;974848;217529077;123120413
121984;24.2820014954;284192;184496;15873;975872;217777096;123200384
122112;21.6860008240;280213;186640;18845;976896;218025136;123282478
122240;21.8280010223;280620;184329;18291;977920;218273196;123364592
122368;18.8760013580;285585;182255;17459;978944;218521277;123448861
122496;18.6840000153;284581;182704;18433;979968;218769377;123530993
122624;18.5770015717;280830;179082;16127;980992;219017499;123615262
122752;18.6600017548;279987;180742;17934;982016;219265640;123699550
122880;25.2220020294;286281;188674;19164;983040;219513803;123785998
123008;18.6180000305;285228;185049;16348;984064;219761985;123861670
123136;18.6710014343;283656;184668;18190;985088;220010188;123939413
123264;18.6660003662;283707;182318;17776;986112;220258410;124017173
123392;18.6280002594;286793;183242;16677;987136;220506654;124097092
123520;18.7050018311;286288;183827;17155;988160;220754917;124174870
123648;22.1629638672;283628;187397;18519;989184;221003201;124254789
123776;18.7160015106;281527;183788;17298;990208;221251505;124334725
123904;18.7430000305;285069;183147;15864;991232;221499829;124416817
124032;18.8440017700;287038;184215;18140;992256;221748173;124494615
124160;18.7380008698;284616;185274;15928;993280;221996537;124574532
124288;18.7870006561;284594;184127;16110;994304;222244922;124654467
124416;21.7470016479;289692;185978;18318;995328;222493326;124736566
124544;18.7280006409;289748;183042;17200;996352;222741751;124816517
124672;21.9150009155;290540;189862;22508;997376;222990195;124898614
124800;18.8510017395;288702;189553;19934;998400;223238660;124980721
124928;18.8690013885;292946;186398;18451;999424;223487145;125064995
125056;18.8159999847;290213;184662;15927;1000448;223735650;125142809
125184;18.8450012207;287307;184148;16108;1001472;223984174;125222728
125312;22.3360004425;290153;189581;18827;1002496;224232719;125302664
125440;18.8120002747;292930;188981;16785;1003520;224481283;125384758
125568;18.8720016479;291782;188173;16823;1004544;224729868;125464713
125696;18.8890018463;289971;187421;19984;1005568;224978472;125546804
125824;18.8400001526;285262;185178;18499;1006592;225227097;125628917
125952;21.9370002747;296146;190771;21351;1007616;225475741;125713192
126080;18.9210014343;292780;189950;17626;1008640;225724404;125793162
126208;18.9540004730;292181;189298;19076;1009664;225973088;125875253
126336;18.8510017395;291209;191820;18202;1010688;226221792;125957369
126464;18.9090003967;297234;185748;17579;1011712;226470515;126041637
126592;19.0959472656;290905;187806;17159;1012736;226719258;126123765
126720;18.9390010834;289154;187484;17346;1013760;226968021;126208039
126848;18.8830013275;292468;188683;16007;1014784;227216803;126292327
126976;19.0960006714;299616;189381;18518;1015808;227465605;126378774
127104;20.7340011597;296890;201251;27275;1016832;227714427;126456604
127232;19.0270004272;293783;192137;17558;1017856;227963269;126536523
127360;18.9590015411;293444;191244;17326;1018880;228212130;126616460
127488;18.9170017242;300016;190031;17076;1019904;228461010;126698552
127616;19.2440013885;296710;188890;18903;1020928;228709911;126778509
127744;19.2630004883;292339;191362;16975;1021952;228958831;126860602
127872;19.0360012054;296588;191703;20231;1022976;229207770;126942715
128000;19.0530014038;301293;191808;17937;1024000;229456729;127026982
