array_size;time_spent(s);PAPI_L1_TCM;PAPI_L2_TCM;PAPI_L3_TCM;DATA_BYTES;NUM_INSTRUCTIONS;PAPI_TOT_INS
2048;0.2370000184;476;548;368;16384;1468006400;779146
2176;0.2770000100;523;564;250;17408;1657241600;820309
2304;0.2010000050;517;567;186;18432;1857945600;892466
2432;0.2070000172;534;582;267;19456;2070118400;918713
2560;0.3060000241;574;622;244;20480;2293760000;958068
2688;0.2360000163;589;643;214;21504;2528870400;1050256
2816;0.2610000074;601;654;217;22528;2775449600;1181228
2944;0.2580000162;653;726;211;23552;3033497600;1150234
3072;0.2660000026;684;721;351;24576;3303014400;1193589
3200;0.2820000052;696;720;307;25600;3584000000;1262167
3328;0.2910000086;715;715;451;26624;3876454400;1296888
3456;0.3040000200;719;757;282;27648;4180377600;1363125
3584;0.3190000057;714;743;419;28672;4495769600;1431479
3712;0.3250000179;759;768;307;29696;4822630400;1461311
3840;0.3710000217;828;793;287;30720;5160960000;1672166
3968;0.3600000143;840;840;354;31744;5510758400;1624846
4096;0.3520000279;799;790;338;32768;5872025600;1580611
4224;0.3730000257;889;874;269;33792;6244761600;1667185
4352;0.3810000122;904;849;272;34816;6628966400;1714431
4480;0.4080000222;1092;885;321;35840;7024640000;1832986
4608;0.4150000215;1292;898;355;36864;7431782400;1861444
4736;0.4240000248;1029;903;326;37888;7850393600;1904033
4864;0.5060000420;1544;1099;378;38912;8280473600;1924169
4992;0.4390000105;1165;960;358;39936;8722022400;1974111
5120;0.4600000083;1335;958;405;40960;9175040000;2071555
5248;0.4670000076;1275;973;420;41984;9639526400;2110278
5376;0.8040000200;1299;973;465;43008;10115481600;2144711
5504;0.4910000265;1546;1064;351;44032;10602905600;2200765
5632;0.5080000162;1429;1024;317;45056;11101798400;2283626
5760;0.5070000291;1429;1018;434;46080;11612160000;2300205
5888;0.5300000310;1934;1056;445;47104;12133990400;2389214
6016;0.6080000401;1891;1645;393;48128;12667289600;2518855
6144;0.5620000362;2076;1113;426;49152;13212057600;2545021
6272;0.5790000558;2299;1140;342;50176;13768294400;2625359
6400;0.5820000172;1930;1124;381;51200;14336000000;2643721
6528;0.5820000172;2059;1170;445;52224;14915174400;2616699
6656;0.6430000067;2424;1827;404;53248;15505817600;2737655
6784;0.6150000095;2487;1194;609;54272;16107929600;2778348
6912;0.6270000339;2219;1138;423;55296;16721510400;2842412
7040;0.6450000405;1937;1205;467;56320;17346560000;2898194
7168;0.6580000520;2011;1189;511;57344;17983078400;2980224
7296;0.6570000052;2256;1227;521;58368;18631065600;2979764
7424;0.6780000329;2616;1243;393;59392;19290521600;3061805
7552;0.7100000381;3233;1202;466;60416;19961446400;3207829
7680;0.7080000043;2514;1223;452;61440;20643840000;3217930
7808;0.7250000238;3142;1304;570;62464;21337702400;3274047
7936;0.7100000381;2623;1310;557;63488;22043033600;3215947
8064;0.7960000634;4465;1478;486;64512;22759833600;3477133
8192;0.7940000296;3556;1410;374;65536;23488102400;3619035
8320;0.8210000396;4144;1469;477;66560;24227840000;3580194
8448;0.7930000424;3227;1399;591;67584;24979046400;3599211
8576;0.8270000219;3151;1507;529;68608;25741721600;3617534
8704;0.8120000362;2913;1442;596;69632;26515865600;3673198
8832;0.8230000138;3808;1416;645;70656;27301478400;3729600
8960;0.8100000620;3051;1432;514;71680;28098560000;3667881
9088;0.8540000319;3700;1523;567;72704;28907110400;3893788
9216;0.8460000157;3637;1437;657;73728;29727129600;3843065
9344;0.8780000210;4163;1496;467;74752;30558617600;3976677
9472;0.8680000305;3514;1526;480;75776;31401574400;3930703
9600;0.8650000691;4234;1989;590;76800;32256000000;3888449
9728;0.9980000257;4879;1690;1420;77824;33121894400;4212971
9856;0.9740000367;4029;2640;817;78848;33999257600;4169382
9984;1.5450000763;4211;1620;817;79872;34888089600;4164575
10112;0.9420000315;3896;1628;1391;80896;35788390400;4273711
10240;0.9390000701;3944;1592;576;81920;36700160000;4261897
10368;0.9760000706;4235;1619;619;82944;37623398400;4381803
10496;1.0340000391;4787;1666;712;83968;38558105600;4448512
10624;1.6180000305;4418;2216;571;84992;39504281600;4553683
10752;1.0480000973;7030;1781;598;86016;40461926400;4773811
10880;0.9990000725;4518;1704;648;87040;41431040000;4538463
11008;1.0090000629;4110;1714;1493;88064;42411622400;4585533
11136;1.0390000343;4885;1729;631;89088;43403673600;4706994
11264;1.1340000629;5339;3275;537;90112;44407193600;4988673
11392;1.0810000896;5309;1814;863;91136;45422182400;4932314
11520;1.0670000315;4588;1805;624;92160;46448640000;4850988
11648;1.2110000849;7268;2751;690;93184;47486566400;5145890
11776;1.1160000563;6221;1854;809;94208;48535961600;5094132
11904;1.1710000038;5647;3209;931;95232;49596825600;5076402
12032;1.1100000143;5119;1900;861;96256;50669158400;5051237
12160;1.2250000238;8539;1947;750;97280;51752960000;5607221
12288;2.5210001469;5346;2759;830;98304;52848230400;5170897
12416;1.1520000696;5540;1927;819;99328;53954969600;5228167
12544;1.1920000315;7278;1945;1063;100352;55073177600;5440913
12672;1.2210000753;6342;1995;889;101376;56202854400;5411579
12800;1.2150000334;5388;2048;1335;102400;57344000000;5536425
12928;1.2470000982;6424;2323;760;103424;58496614400;5528689
13056;1.2440000772;6954;2016;780;104448;59660697600;5676056
13184;1.3290001154;7922;2897;1067;105472;60836249600;5853532
13312;1.2750000954;7709;2094;1065;106496;62023270400;5825372
13440;1.2910000086;5948;3021;912;107520;63221760000;5719251
13568;1.2860000134;6918;2156;976;108544;64431718400;5873797
13696;1.3430000544;8053;2131;1054;109568;65653145600;6130644
13824;1.3230000734;7678;2177;1033;110592;66886041600;6011322
13952;1.4120000601;7931;3070;1069;111616;68130406400;6074094
14080;1.3430000544;6602;2186;960;112640;69386240000;6136563
14208;1.3690000772;8029;2247;1039;113664;70653542400;6275121
14336;4.2990002632;8015;4573;896;114688;71932313600;6207480
14464;1.4350000620;9618;2297;962;115712;73222553600;6557004
14592;1.3870000839;6175;2250;1032;116736;74524262400;6316889
14720;1.3980001211;6868;2287;1213;117760;75837440000;6343816
14848;1.4210001230;8392;2277;996;118784;77162086400;6497728
14976;1.4080001116;6538;2269;826;119808;78498201600;6415889
15104;1.4490001202;7884;2355;1764;120832;79845785600;6584228
15232;1.4880000353;6967;4328;824;121856;81204838400;6462404
15360;1.5050001144;8286;3075;877;122880;82575360000;6710368
15488;1.5510001183;11947;2418;1136;123904;83957350400;7103949
15616;1.5180001259;10279;2414;1041;124928;85350809600;6934453
15744;1.5120000839;7619;3748;1271;125952;86755737600;6705778
15872;1.6230000257;7382;3699;950;126976;88172134400;7009886
16000;1.4880000353;7632;2362;951;128000;89600000000;6766795
16128;1.5610001087;9612;2543;1128;129024;91039334400;7133915
16256;1.5760000944;9571;2479;875;130048;92490137600;7200738
16384;1.6959228516;10194;5442;1240;131072;93952409600;7152653
16512;1.6340000629;9257;2969;1226;132096;95426150400;7230279
16640;1.6140000820;10290;2515;1025;133120;96911360000;7385021
16768;1.6460000277;9257;2835;1130;134144;98408038400;7535752
16896;1.6540000439;10460;2697;1295;135168;99916185600;7572621
17024;1.6640000343;8228;4015;1094;136192;101435801600;7440462
17152;1.6540000439;9470;3147;1114;137216;102966886400;7400820
17280;1.7580001354;10416;3149;1079;138240;104509440000;7790820
17408;1.7170001268;10211;2586;1017;139264;106063462400;7844143
17536;1.7110000849;10972;2882;1134;140288;107628953600;7652306
17664;1.6740000248;9003;2695;1256;141312;109205913600;7661949
17792;1.7280000448;9724;2744;1313;142336;110794342400;7900180
17920;1.7500001192;10488;2683;1116;143360;112394240000;7995736
18048;1.7520000935;10253;2739;1124;144384;114005606400;7984843
18176;1.7390000820;9077;3022;1308;145408;115628441600;7748830
18304;1.8240001202;11630;4713;1278;146432;117262745600;8111010
18432;1.8040001392;10719;4308;1261;147456;118908518400;8100978
18560;1.7840000391;10208;3362;1297;148480;120565760000;7994807
18688;1.8880001307;13211;2795;1741;149504;122234470400;8670748
18816;1.8200000525;11056;2731;1251;150528;123914649600;8305066
18944;2.4270000458;9676;3823;2523;151552;125606297600;8165179
19072;1.8750001192;10290;4624;1362;152576;127309414400;8388094
19200;3.0970001221;13054;3707;1215;153600;129024000000;8661290
19328;1.9100000858;10430;3526;1028;154624;130750054400;8480584
19456;1.9380000830;11969;5218;1622;155648;132487577600;8567793
19584;1.9570001364;12872;3998;1257;156672;134236569600;8655234
19712;1.9240001440;10559;4263;1306;157696;135997030400;8548985
19840;2.0140001774;13175;4684;1466;158720;137768960000;8887821
19968;1.9810000658;12559;3478;2459;159744;139552358400;8899902
20096;2.0410001278;13220;3811;2330;160768;141347225600;9187640
20224;3.2090001106;11398;3588;1600;161792;143153561600;8787005
20352;2.0710000992;13263;4131;1242;162816;144971366400;9243185
20480;4.2850003242;11765;4299;1726;163840;146800640000;9126105
20608;2.0970001221;12624;4450;2527;164864;148641382400;9326215
20736;2.1670000553;16022;5044;1244;165888;150493593600;9545783
20864;2.0020000935;10872;4155;1330;166912;152357273600;9000611
20992;2.0510001183;10948;5460;1650;167936;154232422400;8987944
21120;2.1210000515;13748;4207;1584;168960;156119040000;9463650
21248;2.0480000973;12560;3691;1239;169984;158017126400;9356695
21376;2.1000001431;13597;3661;1406;171008;159926681600;9586302
21504;2.1010000706;13177;3299;1573;172032;161847705600;9620543
21632;2.1710000038;16737;4147;2382;173056;163780198400;9957668
21760;2.1440000534;12366;4312;2784;174080;165724160000;9584749
21888;2.1610000134;14068;3429;1379;175104;167679590400;9890776
22016;2.1370000839;13368;3787;2767;176128;169646489600;9784445
22144;2.2160000801;16342;3991;2571;177152;171624857600;10139713
22272;2.2570002079;16354;3659;2752;178176;173614694400;10341318
22400;2.2010002136;13644;3735;1339;179200;175616000000;9904157
22528;2.2510001659;14816;4318;1860;180224;177628774400;10187812
22656;2.1920001507;11533;5026;1600;181248;179653017600;9841923
22784;2.2320001125;12301;3511;2641;182272;181688729600;10207851
22912;2.2320001125;13538;3779;2845;183296;183735910400;10191693
23040;2.2820000648;13664;4236;2859;184320;185794560000;10270953
23168;2.2920000553;13727;5781;2929;185344;187864678400;10160850
23296;2.3150000572;15206;4226;2843;186368;189946265600;10334005
23424;2.3650000095;13940;5251;2748;187392;192039321600;10604685
23552;2.3190000057;13707;5608;1885;188416;194143846400;10439618
23680;2.2920000553;14256;3799;1821;189440;196259840000;10504141
23808;2.3260002136;15649;5165;1728;190464;198387302400;10648002
23936;2.3960001469;16582;5453;1728;191488;200526233600;10811917
24064;2.3370001316;14733;3967;1774;192512;202676633600;10694839
24192;2.4060001373;15006;5015;1603;193536;204838502400;10766470
24320;2.4770002365;17349;4640;1905;194560;207011840000;11205179
24448;2.3860001564;13847;5427;1678;195584;209196646400;10689735
24576;2.5110001564;17203;7146;2212;196608;211392921600;11220767
24704;2.4130001068;13997;4921;1675;197632;213600665600;10878134
24832;2.4620001316;14965;6622;2076;198656;215819878400;10899143
24960;2.4090001583;14939;4047;2920;199680;218050560000;10991306
25088;2.4970002174;15837;4630;3084;200704;220292710400;11283864
25216;2.4680001736;14955;4746;2318;201728;222546329600;11150809
25344;2.5070002079;15252;5755;1671;202752;224811417600;11356630
25472;2.5140001774;15777;4941;1921;203776;227087974400;11530446
25600;2.6610000134;20067;5050;2956;204800;229376000000;11889456
25728;2.5880000591;18953;7344;1806;205824;231675494400;11715302
25856;3.5900001526;21447;4831;1763;206848;233986457600;12142872
25984;2.5680000782;17181;6206;3241;207872;236308889600;11606249
26112;3.3650002480;19736;6947;2912;208896;238642790400;11986918
26240;2.6260001659;17274;4340;1691;209920;240988160000;12059470
26368;2.5630002022;16383;4724;3332;210944;243344998400;11717815
26496;5.8740000725;15709;7689;3524;211968;245713305600;11792826
26624;3.5780000687;18593;5813;3517;212992;248093081600;12120742
26752;2.7580001354;19029;4799;1587;214016;250484326400;12313440
26880;2.6850001812;17170;6325;1626;215040;252887040000;12084638
27008;2.7110002041;16453;4718;1621;216064;255301222400;12251683
27136;2.8170001507;21209;5759;1509;217088;257726873600;12699054
27264;2.8340001106;19375;7996;1653;218112;260163993600;12389320
27392;2.6650002003;16767;4559;1657;219136;262612582400;12175630
27520;2.8760001659;22136;6976;1890;220160;265072640000;12770482
27648;2.7030000687;16270;6491;1852;221184;267544166400;12200277
27776;2.8460001945;22344;4966;2323;222208;270027161600;13082166
27904;5.3660001755;19144;7579;3706;223232;272521625600;12709076
28032;2.8380000591;18942;8445;1740;224256;275027558400;12775185
28160;2.8560001850;21637;5871;2055;225280;277544960000;13107010
28288;2.8960001469;20448;7251;2240;226304;280073830400;13016374
28416;2.8080000877;18695;5377;2100;227328;282614169600;12803148
28544;2.9180002213;21604;4614;1903;228352;285165977600;13299138
28672;2.9790000916;23850;6461;1937;229376;287729254400;13466710
28800;4.9970002174;22270;6435;2204;230400;290304000000;13513055
28928;2.9060001373;19046;6848;1800;231424;292890214400;13164930
29056;2.9930000305;21288;8860;1982;232448;295487897600;13423642
29184;2.9180002213;18681;4868;2086;233472;298097049600;13394253
29312;3.4850001335;20451;7357;2499;234496;300717670400;13353770
29440;2.9280002117;18563;6585;2105;235520;303349760000;13012680
29568;3.0400002003;22028;9074;1861;236544;305993318400;13574996
29696;3.0590002537;22896;7662;2163;237568;308648345600;13820370
29824;3.0230002403;19678;9613;2328;238592;311314841600;13532079
29952;3.0130002499;20823;5885;2398;239616;313992806400;13445820
30080;3.1260001659;25194;7197;2122;240640;316682240000;14214492
30208;3.1850001812;26022;6056;2172;241664;319383142400;14274731
30336;3.0660002232;21733;7354;2512;242688;322095513600;13842918
30464;6.4480004311;30023;11888;1932;243712;324819353600;14947435
30592;3.0170001984;19367;5190;2168;244736;327554662400;13694844
30720;3.1910002232;21904;8324;3937;245760;330301440000;14210938
30848;3.0300002098;18103;8264;3881;246784;333059686400;13626749
30976;3.1870000362;24283;7622;1759;247808;335829401600;14389759
31104;3.0670001507;20226;7828;1864;248832;338610585600;13898974
31232;3.0740001202;18196;6971;2160;249856;341403238400;13909028
31360;3.1200001240;21331;5279;2421;250880;344207360000;14326722
31488;3.1240000725;21861;7390;3963;251904;347022950400;14080701
31616;3.1750001907;23659;5903;2397;252928;349850009600;14570365
31744;3.3020000458;25790;9668;1915;253952;352688537600;14839596
31872;3.2430002689;22994;6852;2281;254976;355538534400;14572312
32000;3.2820000648;23358;5847;2646;256000;358400000000;14723040
32128;3.2370002270;22643;7972;2274;257024;361272934400;14465076
32256;3.2320001125;23888;5919;2113;258048;364157337600;14837973
32384;3.3070001602;23530;9395;2314;259072;367053209600;14683602
32512;3.4320001602;28582;8891;2225;260096;369960550400;15484523
32640;3.3880002499;26328;10040;2426;261120;372879360000;15398148
32768;3.2920000553;22332;6860;2935;262144;375809638400;14958685
32896;3.2330000401;21436;5746;2757;263168;378751385600;14747706
33024;10.9570007324;25217;8688;4300;264192;381704601600;15460019
33152;3.3700001240;23393;9617;2086;265216;384669286400;15216956
33280;3.4130001068;23622;7683;1748;266240;387645440000;15404580
33408;3.3920001984;23406;7406;2466;267264;390633062400;15309693
33536;3.5110001564;28938;9505;1984;268288;393632153600;15918284
33664;3.4160001278;23429;9362;1962;269312;396642713600;15316533
33792;3.4330000877;24120;7110;2327;270336;399664742400;15469147
33920;3.3650002480;21229;8646;2484;271360;402698240000;15172781
34048;3.4860000610;24285;9769;2071;272384;405743206400;15685722
34176;3.5090000629;23979;6926;2489;273408;408799641600;15653099
34304;3.3920001984;21858;6982;2240;274432;411867545600;15262395
34432;3.4500000477;23454;8564;2474;275456;414946918400;15459590
34560;3.6110000610;27383;9335;2036;276480;418037760000;16245057
34688;3.7570002079;26661;9518;2567;277504;421140070400;16035872
34816;3.6550002098;24371;10197;1948;278528;424253849600;15853387
34944;3.4750001431;23691;7181;2516;279552;427379097600;15943296
35072;3.5560002327;22644;9367;3165;280576;430515814400;15737583
35200;3.6440002918;28737;9811;1959;281600;433664000000;16572919
35328;3.5270001888;22954;8174;3715;282624;436823654400;16008950
35456;3.6010000706;26134;8212;3087;283648;439994777600;16273961
35584;3.6110000610;25035;8735;4360;284672;443177369600;16335404
35712;3.8290002346;30479;11181;2462;285696;446371430400;17180768
35840;3.6680002213;28143;10003;2736;286720;449576960000;16739834
35968;3.6400001049;27942;9772;4363;287744;452793958400;16570483
36096;3.6720001698;25717;8346;4303;288768;456022425600;16632857
36224;3.6620001793;23385;11380;4547;289792;459262361600;16545513
36352;3.6750001907;24070;9547;3050;290816;462513766400;16519178
36480;3.7380001545;27334;10823;2584;291840;465776640000;16852252
36608;3.7090001106;28231;9166;2585;292864;469050982400;16901188
36736;3.7880001068;32157;9461;2565;293888;472336793600;17193626
36864;5.8420004845;31619;10989;3158;294912;475634073600;17511555
36992;3.7700002193;25725;9627;2577;295936;478942822400;17083338
37120;3.8880002499;31251;11857;4640;296960;482263040000;17657012
37248;3.7900002003;27288;10703;2833;297984;485594726400;17160885
37376;4.0680003166;29337;10915;3941;299008;488937881600;17581466
37504;3.9470002651;32160;8253;4240;300032;492292505600;17841618
37632;3.9310002327;30852;11642;4543;301056;495658598400;17646008
37760;3.8530001640;29360;9571;4455;302080;499036160000;17543453
37888;3.8350002766;26559;7532;4759;303104;502425190400;17201604
38016;3.8860001564;28953;10099;4822;304128;505825689600;17673084
38144;3.9970002174;29793;8301;4356;305152;509237657600;18159820
38272;3.9320001602;31077;9947;4762;306176;512661094400;17915888
38400;3.8900001049;28015;11893;4819;307200;516096000000;17668375
38528;3.9770002365;29289;8784;4708;308224;519542374400;18171151
38656;3.9620001316;30635;8422;2900;309248;523000217600;18043560
38784;4.0280003548;28109;11174;3016;310272;526469529600;17871033
38912;4.0270004272;33732;9954;2607;311296;529950310400;18266159
39040;4.1070003510;31824;13794;3197;312320;533442560000;18536997
39168;4.0040001869;27901;8864;3029;313344;536946278400;18020494
39296;4.0399999619;30118;9529;2800;314368;540461465600;18275179
39424;4.0870003700;31064;8203;3076;315392;543988121600;18458542
39552;3.9720001221;26282;8803;2411;316416;547526246400;18056666
39680;4.0830001831;28752;9096;2529;317440;551075840000;18345587
39808;4.0750002861;28297;8960;2556;318464;554636902400;18227086
39936;4.1750001907;32221;12247;2875;319488;558209433600;18858162
40064;4.2440004349;33795;12954;2782;320512;561793433600;19158986
40192;4.1100001335;31049;10329;2742;321536;565388902400;18710967
40320;4.0390000343;28387;9488;3167;322560;568995840000;18295059
40448;4.4060001373;40768;14840;3341;323584;572614246400;19905394
40576;4.2460002899;32448;13250;3043;324608;576244121600;19075145
40704;4.1440000534;29971;11548;3243;325632;579885465600;18664585
40832;4.2020001411;30573;10116;3111;326656;583538278400;19033230
40960;4.2180004120;32675;10698;2984;327680;587202560000;19210964
41088;4.2200002670;31701;9642;3180;328704;590878310400;19010744
41216;4.3710002899;36024;13905;2542;329728;594565529600;19767310
41344;4.1880002022;27361;10651;5098;330752;598264217600;18807390
41472;4.3320002556;30823;12647;5101;331776;601974374400;19203309
41600;4.3740000725;34883;11020;3974;332800;605696000000;19636535
41728;4.3480000496;34468;13786;3182;333824;609429094400;19720443
41856;4.3570003510;34146;14137;5291;334848;613173657600;19783954
41984;4.2990002632;32091;12517;3159;335872;616929689600;19366396
42112;4.3800001144;34795;14045;5786;336896;620697190400;19939196
42240;4.3970003128;32185;10842;5040;337920;624476160000;19731070
42368;4.4760003090;37876;15057;5037;338944;628266598400;20382404
42496;4.3750000000;30954;13144;5328;339968;632068505600;19727140
42624;4.6890001297;40150;16933;4418;340992;635881881600;20735253
42752;4.1980004311;27623;10614;5348;342016;639706726400;19028405
42880;7.1740002632;29770;10920;4940;343040;643543040000;19543959
43008;4.5890002251;40158;17450;3267;344064;647390822400;20764185
43136;4.3949999809;32617;13377;3047;345088;651250073600;19875822
43264;4.4560003281;34424;14722;5191;346112;655120793600;20291806
43392;4.4409999847;30939;12662;3230;347136;659002982400;20247216
43520;4.4880003929;33715;11197;3222;348160;662896640000;20392668
43648;4.5789999962;37032;16010;3257;349184;666801766400;20722704
43776;4.5300002098;37174;13091;3325;350208;670718361600;20620294
43904;4.8450002670;47213;19213;3390;351232;674646425600;22110999
44032;4.4570002556;33640;10772;2480;352256;678585958400;20284764
44160;4.4610004425;31139;10851;2935;353280;682536960000;20262814
44288;4.7820000648;41375;16747;2972;354304;686499430400;21509950
44416;4.4910001755;30415;11225;3116;355328;690473369600;20249001
44544;4.5560002327;32827;13117;3032;356352;694458777600;20618247
44672;4.7300000191;41361;14525;2926;357376;698455654400;21490188
44800;4.6450004578;35154;15641;2325;358400;702464000000;20811354
44928;6.3240003586;38056;16590;5476;359424;706483814400;21226303
45056;4.8740000725;42887;13661;5131;360448;710515097600;21893995
45184;4.6500000954;36573;11674;3756;361472;714557849600;21174083
45312;4.6390004158;35838;14122;2797;362496;718612070400;21149159
45440;4.6290001869;33783;11115;3268;363520;722677760000;21052420
45568;12.4890003204;37165;17998;5888;364544;726754918400;21419738
45696;4.6300001144;33342;11773;3359;365568;730843545600;21032489
45824;4.8230004311;39673;16281;3182;366592;734943641600;21921470
45952;4.8360004425;38863;14800;3363;367616;739055206400;22013383
46080;4.7400002480;34344;13292;3752;368640;743178240000;21365508
46208;5.0790004730;48473;21182;3158;369664;747312742400;23015415
46336;4.9120001793;41031;17792;2880;370688;751458713600;22130321
46464;4.8140001297;36378;15978;3582;371712;755616153600;21759581
46592;4.7640004158;35163;14126;3446;372736;759785062400;21744556
46720;4.8130002022;34868;15008;3821;373760;763965440000;21682016
46848;4.7700004578;35937;14311;3712;374784;768157286400;21769127
46976;4.7770004272;34387;13246;3087;375808;772360601600;21561889
47104;5.0360002518;43097;16476;3571;376832;776575385600;22688149
47232;6.1080002785;37457;16876;5850;377856;780801638400;22135335
47360;5.0090003014;44150;14649;5939;378880;785039360000;22787689
47488;4.8970003128;38751;12642;3674;379904;789288550400;22345693
47616;4.9540004730;39135;14870;4391;380928;793549209600;22429776
47744;4.9320001602;39101;16281;3100;381952;797821337600;22421352
47872;4.9370002747;35737;13822;3889;382976;802104934400;22275813
48000;4.8990001678;35661;13399;6305;384000;806400000000;22340257
48128;8.0120000839;38432;17939;5545;385024;810706534400;22388824
48256;5.1380000114;42618;15406;6298;386048;815024537600;23075138
48384;5.1020002365;40473;14316;3943;387072;819354009600;22942352
48512;5.0160002708;36758;16050;3259;388096;823694950400;22450704
48640;5.1480002403;40349;16447;3008;389120;828047360000;23049367
48768;5.1920003891;42166;17197;5460;390144;832411238400;22602426
48896;5.0830001831;42078;14119;4397;391168;836786585600;23126176
49024;5.1140003204;39109;14317;3933;392192;841173401600;23092816
49152;5.2230000496;43933;21540;3447;393216;845571686400;23668977
49280;5.2080001831;40844;15565;3250;394240;849981440000;23313373
49408;5.1560001373;42495;17518;3469;395264;854402662400;23360511
49536;5.2110004425;39629;14615;3217;396288;858835353600;23345717
49664;5.1990003586;42052;16027;3907;397312;863279513600;23665034
49792;5.3550000191;47716;17617;3162;398336;867735142400;24041711
49920;5.3010001183;44579;17339;3511;399360;872202240000;24032154
50048;5.2140002251;38362;17334;3862;400384;876680806400;23381747
50176;5.1620001793;37420;18305;3520;401408;881170841600;23189355
50304;5.3450002670;44437;21087;3953;402432;885672345600;24033877
50432;5.2370004654;40289;17619;3546;403456;890185318400;23678445
50560;5.1100001335;36253;14200;3974;404480;894709760000;22932498
50688;5.5970001221;53234;21658;3268;405504;899245670400;25218476
50816;5.2840003967;43961;16748;4586;406528;903793049600;23989284
50944;5.7050004005;54674;23953;3734;407552;908351897600;25682349
51072;5.3800001144;44643;15272;4028;408576;912922214400;24374659
51200;5.5390000343;49100;21516;3766;409600;917504000000;25015420
51328;5.6480002403;50815;22049;3296;410624;922097254400;25316515
51456;13.2680006027;49085;26770;6627;411648;926701977600;25199335
51584;5.3860001564;41700;16498;3696;412672;931318169600;24249561
51712;5.4860000610;46944;21899;5082;413696;935945830400;24993034
51840;5.4760003090;46134;19582;3653;414720;940584960000;24673368
51968;5.4790000916;45436;20922;3925;415744;945235558400;24909595
52096;5.4730000496;44355;18310;4306;416768;949897625600;24818692
52224;5.3910002708;39342;17473;4105;417792;954571161600;24227787
52352;5.3060002327;37818;13460;4031;418816;959256166400;24032088
52480;5.4570002556;40232;17812;4230;419840;963952640000;24480524
52608;5.4140000343;41100;14008;4304;420864;968660582400;24555240
52736;5.8100004196;48230;24029;3734;421888;973379993600;25410323
52864;5.2910003662;37903;16363;5125;422912;978110873600;24014377
52992;5.4200000763;40909;14186;4718;423936;982853222400;24614007
53120;5.5930004120;46285;17344;3796;424960;987607040000;25196470
53248;5.5200004578;41757;16245;3866;425984;992372326400;25088663
53376;5.4930000305;41923;15730;3976;427008;997149081600;24934546
53504;5.9500002861;59493;32687;4402;428032;1001937305600;27004747
53632;5.6019287109;45979;22630;4239;429056;1006736998400;25493537
53760;5.8130002022;53223;27518;4047;430080;1011548160000;26484948
53888;5.6040000916;44021;18491;4416;431104;1016370790400;25276793
54016;5.7560000420;52416;24165;4884;432128;1021204889600;26187781
54144;5.6770000458;46410;17592;4260;433152;1026050457600;25789373
54272;5.6390004158;42253;19021;9357;434176;1030907494400;25119120
54400;5.9440002441;54991;25465;6660;435200;1035776000000;26706350
54528;5.6620001793;43442;18422;4202;436224;1040655974400;25395751
54656;5.7100000381;45048;19640;3599;437248;1045547417600;25879798
54784;5.6780004501;40795;15928;4174;438272;1050450329600;25346958
54912;5.6390004158;42850;18278;3951;439296;1055364710400;25329570
55040;5.7830004692;46933;17351;4333;440320;1060290560000;26165771
55168;6.0500001907;56716;25791;4705;441344;1065227878400;27400490
55296;5.6890001297;42939;19083;4052;442368;1070176665600;25700869
55424;5.7740001678;44479;17443;4419;443392;1075136921600;26064041
55552;5.7820000648;45570;22220;4556;444416;1080108646400;26080432
55680;5.8390002251;46593;19304;4845;445440;1085091840000;26281785
55808;5.8350005150;45856;18395;4265;446464;1090086502400;26432644
55936;5.9220004082;48683;25242;7344;447488;1095092633600;26837157
56064;5.7460002899;43146;20147;4178;448512;1100110233600;25857785
56192;5.8640003204;44271;18627;7529;449536;1105139302400;26335460
56320;6.0590004921;51621;18631;4246;450560;1110179840000;27129559
56448;5.7910003662;43676;20850;6791;451584;1115231846400;26177239
56576;8.3290004730;47065;19808;6303;452608;1120295321600;26792686
56704;6.0110001564;50656;23132;4194;453632;1125370265600;27086689
56832;5.8390002251;43186;17091;5859;454656;1130456678400;26502841
56960;5.9060001373;47722;16397;4593;455680;1135554560000;26909846
57088;5.9740004539;47786;17881;7480;456704;1140663910400;27052664
57216;5.9810004234;49718;20826;7463;457728;1145784729600;27275651
57344;5.9520001411;44517;21812;4484;458752;1150917017600;26800309
57472;6.1720004082;53677;27702;4121;459776;1156060774400;27821179
57600;6.1420001984;52366;22736;5488;460800;1161216000000;27613467
57728;6.1470003128;50922;19788;4313;461824;1166382694400;27704033
57856;6.0200004578;46836;19990;4165;462848;1171560857600;27272819
57984;6.1680002213;51612;21589;5190;463872;1176750489600;27884107
58112;6.1570000648;49587;21233;5438;464896;1181951590400;27363653
58240;6.1200003624;51276;18963;4275;465920;1187164160000;27917949
58368;6.2850003242;53744;24115;4904;466944;1192388198400;28249537
58496;6.4800004959;63266;37312;7781;467968;1197623705600;29374818
58624;6.3020005226;53836;25072;3974;468992;1202870681600;28382116
58752;6.2560005188;51530;19215;7904;470016;1208129126400;28250183
58880;6.3140001297;53171;25357;4489;471040;1213399040000;28407120
59008;6.3140001297;53477;21215;5110;472064;1218680422400;28432196
59136;6.2380003929;49089;23572;5189;473088;1223973273600;28078524
59264;6.4390001297;58329;29426;5592;474112;1229277593600;28985393
59392;6.4370002747;58504;25188;7542;475136;1234593382400;29411732
59520;6.1850004196;50576;18057;7550;476160;1239920640000;28112523
59648;6.5510001183;49950;24996;5224;477184;1245259366400;28091186
59776;6.1940002441;47462;22622;8485;478208;1250609561600;27916134
59904;6.8070001602;71572;41237;7193;479232;1255971225600;30953397
60032;6.2690005302;49166;22561;7610;480256;1261344358400;28107672
60160;6.3220005035;50116;21824;7887;481280;1266728960000;28431442
60288;6.4190001488;53680;23629;7825;482304;1272125030400;28860622
60416;6.3890004158;54326;23526;4817;483328;1277532569600;28834686
60544;6.5370001793;59764;23443;6788;484352;1282951577600;29752525
60672;6.4640002251;58835;28894;4773;485376;1288382054400;29491222
60800;6.5770001411;55302;27691;7791;486400;1293824000000;29407495
60928;6.2530002594;49916;21164;4946;487424;1299277414400;28506219
61056;6.5040001869;56230;27047;6045;488448;1304742297600;29666571
61184;6.4680004120;53652;24938;7765;489472;1310218649600;29124309
61312;6.7680001259;68782;28711;8078;490496;1315706470400;30760588
61440;6.4430003166;50943;21769;7920;491520;1321205760000;29063927
61568;6.5240001678;52515;22985;8080;492544;1326716518400;29246362
61696;6.4720001221;53637;25083;7613;493568;1332238745600;29163479
61824;6.4000000954;48149;23213;8166;494592;1337772441600;28812177
61952;6.5540003777;53572;23895;8251;495616;1343317606400;29533189
62080;6.8830003738;62779;26107;6302;496640;1348874240000;30235659
62208;6.7240004539;60376;27775;4938;497664;1354442342400;30478434
62336;6.4070005417;50625;19379;5246;498688;1360021913600;29106122
62464;6.6830000877;56723;27160;5591;499712;1365612953600;30266925
62592;7.2570004463;54182;21763;5400;500736;1371215462400;29708856
62720;6.6140003204;54072;21307;5377;501760;1376829440000;29815847
62848;6.6230001450;53747;21335;5521;502784;1382454886400;29900414
62976;6.6480002403;56192;23219;8689;503808;1388091801600;30129441
63104;6.6090002060;51991;21162;6133;504832;1393740185600;29745742
63232;7.0590004921;69060;31592;4664;505856;1399400038400;32022231
63360;6.7320003510;56664;23069;8437;506880;1405071360000;30474871
63488;6.7820005417;59694;28454;5578;507904;1410754150400;30899854
63616;6.6840004921;56663;23416;8382;508928;1416448409600;30478575
63744;6.7160005569;58840;21472;8313;509952;1422154137600;30641008
63872;6.6960000992;54543;23636;5049;510976;1427871334400;30259605
64000;6.8310003281;55824;23663;5264;512000;1433600000000;30767046
64128;7.0150003433;65291;25269;4763;513024;1439340134400;31722696
64256;9.8610000610;57152;29013;5402;514048;1445091737600;30497820
64384;6.8330001831;60404;26415;5535;515072;1450854809600;30777997
64512;6.9220004082;61090;26176;5882;516096;1456629350400;31295441
64640;6.6000003815;51580;18663;5433;517120;1462415360000;30045335
64768;6.7930002213;53700;23809;5751;518144;1468212838400;30553767
64896;6.8680005074;59042;26798;5178;519168;1474021785600;31048456
65024;6.7140002251;51866;25449;5609;520192;1479842201600;30359912
65152;6.9890003204;60770;22822;5528;521216;1485674086400;31507292
65280;6.8510003090;53538;23392;5574;522240;1491517440000;30898477
65408;7.0230002403;62247;30975;5351;523264;1497372262400;31780763
65536;6.8540000916;56538;25669;5574;524288;1503238553600;31057141
65664;7.1380004883;65911;32433;5648;525312;1509116313600;32052974
65792;7.4240002632;74414;30969;4940;526336;1515005542400;33517023
65920;6.8200001717;51601;24581;4827;527360;1520906240000;30747600
66048;6.8950004578;53263;22056;5648;528384;1526818406400;30611835
66176;6.9170002937;55970;24019;5537;529408;1532742041600;31381316
66304;7.5100002289;74763;38617;5011;530432;1538677145600;33735974
66432;7.0510001183;58609;27285;5710;531456;1544623718400;31944698
66560;7.0280003548;58181;22439;4941;532480;1550581760000;32056691
66688;7.0730004311;58997;28041;5538;533504;1556551270400;32116719
66816;7.0530004501;58281;27352;5606;534528;1562532249600;31820683
66944;9.7190008163;64139;24561;6334;535552;1568524697600;32886708
67072;7.0300002098;56712;29749;5503;536576;1574528614400;31807396
67200;7.1040005684;60800;25162;8810;537600;1580544000000;32440385
67328;7.3040003777;61259;28181;5200;538624;1586570854400;32224890
67456;7.1820001602;62378;26502;6447;539648;1592609177600;32533329
67584;7.1380004883;57005;24928;5716;540672;1598658969600;32245373
67712;7.4890003204;72474;32061;6199;541696;1604720230400;33949205
67840;7.0420002937;53609;21631;5527;542720;1610792960000;31789800
67968;7.3080005646;64137;30506;5478;543744;1616877158400;33109712
68096;7.2970004082;64002;28369;5597;544768;1622972825600;33278636
68224;7.2790002823;60890;24292;7309;545792;1629079961600;32704882
68352;9.3730001450;57198;24872;5280;546816;1635198566400;32577948
68480;7.3250002861;61194;25724;5967;547840;1641328640000;33206408
68608;7.2590003014;60525;22115;5708;548864;1647470182400;33009893
68736;7.3180003166;61755;27760;5961;549888;1653623193600;33103418
68864;7.5470004082;72897;32446;5804;550912;1659787673600;34461761
68992;7.4680004120;67185;26344;5195;551936;1665963622400;33859847
69120;7.4820003510;65932;24121;6170;552960;1672151040000;33894067
69248;7.6020002365;54396;27176;12777;553984;1678349926400;32283645
69376;8.2410001755;97422;62725;6541;555008;1684560281600;37507310
69504;7.3950004578;61132;27802;6090;556032;1690782105600;33442044
69632;7.3830003738;64091;25030;5447;557056;1697015398400;33407608
69760;7.5400004387;61387;29714;6084;558080;1703260160000;33200776
69888;7.2460002899;57047;29034;5971;559104;1709516390400;32756711
70016;7.3430004120;60914;30834;6080;560128;1715784089600;33155885
70144;7.5570001602;66394;35346;6346;561152;1722063257600;34234751
70272;7.5180001259;65084;27499;8498;562176;1728353894400;34193088
70400;7.4120001793;64111;29767;7578;563200;1734656000000;33543503
70528;7.5000004768;64931;26128;6146;564224;1740969574400;34048542
70656;7.7800002098;73630;38466;6451;565248;1747294617600;35138738
70784;7.6340003014;69903;29354;5895;566272;1753631129600;34647676
70912;7.5250005722;62408;27256;6050;567296;1759979110400;34086607
71040;7.6240005493;66154;25732;6186;568320;1766338560000;34654265
71168;7.7060003281;66394;23009;8602;569344;1772709478400;34624322
71296;7.4420003891;59807;27225;6098;570368;1779091865600;33780685
71424;7.6040005684;66308;29448;6089;571392;1785485721600;34717836
71552;7.8200001717;72449;35974;6032;572416;1791891046400;35392862
71680;7.6360001564;59731;29288;6463;573440;1798307840000;34026009
71808;7.7620005608;70286;31699;5688;574464;1804736102400;35249166
71936;7.7530002594;68338;33524;7346;575488;1811175833600;35070113
72064;7.6580004692;62397;31792;6519;576512;1817627033600;34846149
72192;7.4550004005;59714;25855;9570;577536;1824089702400;33809702
72320;8.1950006485;71801;34953;6381;578560;1830563840000;35363087
72448;7.6190004349;62685;31231;6682;579584;1837049446400;34671681
72576;7.8240003586;69705;32643;7069;580608;1843546521600;35443443
72704;7.6420001984;62445;31815;7319;581632;1850055065600;34549905
72832;7.6530003548;65962;29697;6890;582656;1856575078400;34928453
72960;7.5880002975;58852;28735;6640;583680;1863106560000;34332485
73088;7.6980004311;64302;31717;7567;584704;1869649510400;34962220
73216;7.9700002670;73407;31609;6756;585728;1876203929600;36173308
73344;7.6360001564;62039;25228;6066;586752;1882769817600;34738248
73472;8.3570003510;86651;50590;6471;587776;1889347174400;38028400
73600;7.7630004883;63609;27453;7113;588800;1895936000000;34896314
73728;7.9910001755;74300;29448;6745;589824;1902536294400;36416377
73856;8.2760000229;84256;48088;7127;590848;1909148057600;37658906
73984;8.0790004730;75984;39537;6154;591872;1915771289600;36550335
74112;7.9580001831;68735;33681;5965;592896;1922405990400;35898117
74240;8.1620006561;73118;38249;6351;593920;1929052160000;36441865
74368;8.1389999390;74637;38506;5931;594944;1935709798400;36631612
74496;8.0190000534;71477;35313;6720;595968;1942378905600;36308661
74624;7.8510003090;66382;27715;6845;596992;1949059481600;35575849
74752;7.8520002365;65410;28128;6311;598016;1955751526400;35608501
74880;8.0380001068;71145;32749;6514;599040;1962455040000;36552185
75008;7.8970003128;62285;30929;7668;600064;1969170022400;35692992
75136;8.1380004883;73406;36625;6598;601088;1975896473600;36932760
75264;7.9530005455;66578;29133;6194;602112;1982634393600;36064494
75392;8.1220006943;68524;29634;6329;603136;1989383782400;36796911
75520;7.9570002556;68650;31707;6854;604160;1996144640000;36347860
75648;9.2780008316;74569;37852;7769;605184;2002916966400;37205259
75776;7.9540004730;66005;36401;10504;606208;2009700761600;36018589
75904;8.0370006561;67047;33434;10118;607232;2016496025600;36377999
76032;8.1690006256;74831;35285;9564;608256;2023302758400;37142920
76160;8.0480003357;67309;30605;6536;609280;2030120960000;36458332
76288;8.2120008469;73637;32067;6514;610304;2036950630400;37309906
76416;8.3970003128;79309;44754;6590;611328;2043791769600;37991133
76544;8.1780004501;71952;28762;6501;612352;2050644377600;37026710
76672;8.2590007782;71727;30359;5650;613376;2057508454400;37503609
76800;8.1350002289;68847;29026;6447;614400;2064384000000;36950029
76928;8.2840003967;74051;33002;6892;615424;2071271014400;37492005
77056;8.3690004349;71154;31706;10379;616448;2078169497600;37250294
77184;8.3390007019;77138;36048;6568;617472;2085079449600;37674084
77312;8.3990001678;76494;37651;6881;618496;2092000870400;38138687
77440;8.4240007401;74311;40142;6055;619520;2098933760000;37909577
77568;8.2920007706;74190;37891;10096;620544;2105878118400;37761946
77696;8.4460000992;76569;41449;10187;621568;2112833945600;38318659
77824;8.2960004807;73269;35539;6046;622592;2119801241600;37713662
77952;8.1900005341;71058;35389;10353;623616;2126780006400;37167661
78080;8.4650001526;77213;36434;9588;624640;2133770240000;38458696
78208;9.9290008545;68802;33566;9707;625664;2140771942400;37427340
78336;8.5010004044;78916;41826;6707;626688;2147785113600;38635700
78464;8.4430007935;77588;28376;10738;627712;2154809753600;38480924
78592;8.4770002365;73722;37766;9621;628736;2161845862400;38274550
78720;8.2150001526;65592;27034;10953;629760;2168893440000;37257633
78848;8.4739999771;74363;35279;7166;630784;2175952486400;38361178
78976;8.2840003967;67898;33311;6850;631808;2183023001600;37525571
79104;9.6560001373;68008;30633;10565;632832;2190104985600;37513991
79232;8.3850002289;73114;30726;7536;633856;2197198438400;38137258
79360;8.4850006104;74238;35794;6710;634880;2204303360000;38539149
79488;8.4250001907;70335;32012;7117;635904;2211419750400;38004309
79616;8.5260000229;75149;33457;7319;636928;2218547609600;38419185
79744;8.5460004807;73057;32863;7100;637952;2225686937600;38397913
79872;8.6090002060;75758;28664;7470;638976;2232837734400;39021466
80000;8.4090003967;68554;29787;6567;640000;2240000000000;38023692
80128;9.9690008163;82208;44871;6864;641024;2247173734400;39310078
80256;8.3229999542;68098;34918;7624;642048;2254358937600;37843669
80384;10.1290006638;67676;31609;7894;643072;2261555609600;38169255
80512;8.6400003433;75236;43446;10859;644096;2268763750400;39367024
80640;8.6140003204;70777;35259;10611;645120;2275983360000;39110199
80768;8.9420003891;78889;42117;11036;646144;2283214438400;39641282
80896;8.7410001755;77840;41422;10321;647168;2290456985600;39679525
81024;8.6740007401;76617;34176;8869;648192;2297711001600;39377688
81152;8.7630004883;79546;39735;7074;649216;2304976486400;39761292
81280;8.6880006790;76097;39532;8021;650240;2312253440000;39544224
81408;8.7870006561;82137;42974;7488;651264;2319541862400;40081955
81536;8.8980007172;80838;40300;10485;652288;2326841753600;40170802
81664;9.1660003662;91883;53590;6026;653312;2334153113600;41695159
81792;8.8960008621;80416;40462;6975;654336;2341475942400;40462620
81920;8.9240007401;83767;42609;11330;655360;2348810240000;40637735
82048;8.5960006714;71374;31247;7769;656384;2356156006400;39174670
82176;8.7610006332;77002;42405;7785;657408;2363513241600;39985329
82304;8.9130001068;83316;42154;7096;658432;2370881945600;40456368
82432;8.9820003510;80730;38726;8813;659456;2378262118400;40500993
82560;8.6840000153;73317;34885;8436;660480;2385653760000;39378282
82688;8.7490005493;76032;39895;8357;661504;2393056870400;39881317
82816;8.9510002136;78055;38157;7557;662528;2400471449600;40441694
82944;8.8180007935;77529;33201;8228;663552;2407897497600;39979889
83072;9.2000007629;88633;47199;6592;664576;2415335014400;41752956
83200;9.5460004807;75524;35323;7773;665600;2422784000000;39930880
83328;8.9510002136;79581;32548;8099;666624;2430244454400;40452283
83456;8.9450006485;78128;36915;7741;667648;2437716377600;40375564
83584;9.0800008774;83515;38699;8044;668672;2445199769600;41327856
83712;9.3690004349;93407;56119;6699;669696;2452694630400;42628140
83840;9.8610000610;113334;71230;7622;670720;2460200960000;44811064
83968;9.5220003128;95918;47931;6780;671744;2467718758400;43066377
84096;9.3660001755;92994;54566;8214;672768;2475248025600;42591538
84224;9.0430002213;80091;38466;7635;673792;2482788761600;40894721
84352;9.0850000381;79364;33834;8997;674816;2490340966400;41108214
84480;9.0320005417;81530;37678;7366;675840;2497904640000;41048749
84608;9.1890001297;83675;44521;6692;676864;2505479782400;41758861
84736;9.0270004272;77885;37282;11737;677888;2513066393600;41003116
84864;9.0200004578;80093;38199;10985;678912;2520664473600;40993306
84992;9.0500001907;80989;37058;11465;679936;2528274022400;41355803
85120;9.2980003357;80897;35856;12915;680960;2535895040000;41553938
85248;9.2960004807;87188;43264;11778;681984;2543527526400;42267848
85376;9.1540002823;81464;44422;8851;683008;2551171481600;41340742
85504;8.9530000687;73818;32946;11731;684032;2558826905600;40575202
85632;9.1909999847;85028;40269;8346;685056;2566493798400;42021337
85760;9.0840005875;75413;41343;7973;686080;2574172160000;41047192
85888;9.3890008926;89527;46751;7177;687104;2581861990400;42729563
86016;9.3210000992;83335;40708;9597;688128;2589563289600;41990302
86144;9.1490001678;79401;36598;11128;689152;2597276057600;41657772
86272;9.3720006943;88498;40722;11896;690176;2605000294400;42589126
86400;9.5100002289;90028;47322;11381;691200;2612736000000;43000637
86528;9.1270008087;78236;38940;8032;692224;2620483174400;41516778
86656;9.3870000839;89217;48219;9108;693248;2628241817600;42694943
86784;9.4560003281;87286;46878;8436;694272;2636011929600;42885366
86912;9.4220008850;78536;37338;8785;695296;2643793510400;42407202
87040;9.1570005417;77192;34166;8548;696320;2651586560000;41784861
87168;9.6470003128;95912;56500;8184;697344;2659391078400;44100223
87296;9.0700006485;74215;35026;7796;698368;2667207065600;41268339
87424;9.7620000839;94618;49553;7652;699392;2675034521600;44073233
87552;9.4240007401;85771;38489;7898;700416;2682873446400;42818455
87680;11.0830001831;87318;39947;7605;701440;2690723840000;42998074
87808;9.1990003586;77104;35417;8571;702464;2698585702400;41883218
87936;9.8150005341;96885;53029;8752;703488;2706459033600;44600052
88064;10.9770002365;88005;45639;8332;704512;2714343833600;43154479
88192;9.4440002441;81708;37409;8647;705536;2722240102400;42612347
88320;9.5900001526;90486;43874;8085;706560;2730147840000;43822043
88448;9.9160003662;101076;53743;8079;707584;2738067046400;45071305
88576;9.4360008240;82144;44209;8358;708608;2745997721600;42911276
88704;9.3730001450;80522;40185;7658;709632;2753939865600;42529835
88832;9.6430006027;89177;42569;8357;710656;2761893478400;43901241
88960;9.6570005417;87637;49427;8285;711680;2769858560000;43685782
89088;9.7450008392;87215;41999;9005;712704;2777835110400;44085517
89216;12.3860006332;92474;50920;14592;713728;2785823129600;43911408
89344;9.8200006485;94541;47613;8422;714752;2793822617600;44571590
89472;9.6650009155;87711;49171;8671;715776;2801833574400;43823158
89600;9.5930004120;85302;38730;8565;716800;2809856000000;43516273
89728;11.5390005112;85466;38774;8574;717824;2817889894400;43696154
89856;10.0810003281;106382;63794;8495;718848;2825935257600;46139286
89984;9.5020008087;82194;38431;8699;719872;2833992089600;43270182
90112;9.6280002594;87212;41241;8516;720896;2842060390400;43925831
90240;13.4009399414;91879;45778;12098;721920;2850140160000;44597988
90368;9.6960000992;86373;38490;8274;722944;2858231398400;44025221
90496;9.5220003128;82722;41484;9686;723968;2866334105600;43449918
90624;11.7650003433;80241;37300;9243;724992;2874448281600;43671743
90752;9.6650009155;86235;42360;8680;726016;2882573926400;44106045
90880;10.1820001602;101152;56068;8854;727040;2890711040000;46128492
91008;9.9250001907;87558;37702;9601;728064;2898859622400;44746234
91136;10.0930004120;98999;46528;8883;729088;2907019673600;45851160
91264;9.7460002899;84732;39838;8607;730112;2915191193600;44307959
91392;10.4200000763;109025;58840;8526;731136;2923374182400;46965661
91520;9.9150009155;90178;46414;8506;732160;2931568640000;44875137
91648;9.9210004807;93287;50994;7358;733184;2939774566400;45136229
91776;10.1890001297;97379;54602;7767;734208;2947991961600;45859606
91904;9.9490003586;92350;57546;9586;735232;2956220825600;45075923
92032;10.1570005417;102662;58124;8603;736256;2964461158400;46301163
92160;10.3220005035;107221;65822;9235;737280;2972712960000;47033317
92288;10.1380004883;98858;46064;9091;738304;2980976230400;46109934
92416;9.7630004883;82469;46557;8381;739328;2989250969600;44386781
92544;9.8510007858;81922;41299;9093;740352;2997537177600;44515720
92672;9.9980001450;92118;42124;8437;741376;3005834854400;45568734
92800;10.7740001678;106653;52057;10439;742400;3014144000000;47331937
92928;9.8470001221;80545;37995;8729;743424;3022464614400;44466005
93056;12.1710004807;92003;46991;9146;744448;3030796697600;45565996
93184;10.1980009079;95748;54179;12775;745472;3039140249600;46385025
93312;9.8780002594;86780;42372;12638;746496;3047495270400;44911436
93440;10.3620004654;97983;51121;9694;747520;3055861760000;46691640
93568;11.3900003433;87355;40980;10134;748544;3064239718400;45103568
93696;9.9490003586;85290;41999;12904;749568;3072629145600;45118091
93824;10.3210000992;102091;48137;12073;750592;3081030041600;47053059
93952;10.1420001984;87911;42079;13085;751616;3089442406400;45797537
94080;10.0960006714;88117;41897;13232;752640;3097866240000;45902715
94208;10.3800001144;101055;56784;12676;753664;3106301542400;47004944
94336;10.3440008163;97624;51183;12681;754688;3114748313600;47139793
94464;10.1420001984;90185;39514;12501;755712;3123206553600;46237760
94592;10.1540002823;89561;43031;8743;756736;3131676262400;45830760
94720;10.1110000610;86917;41260;9395;757760;3140157440000;46108060
94848;10.1590003967;89674;45309;8538;758784;3148650086400;46105321
94976;12.6200008392;89367;45602;9870;759808;3157154201600;46412114
95104;11.3720006943;96548;48084;10606;760832;3165669785600;47406660
95232;10.3720006943;94853;47417;10924;761856;3174196838400;46916577
95360;10.4450006485;97907;46869;9199;762880;3182735360000;47626799
95488;10.0580005646;84380;44054;13607;763904;3191285350400;45708604
95616;10.0600004196;86564;40241;13214;764928;3199846809600;45661199
95744;10.1490001678;86494;37497;13042;765952;3208419737600;46062027
95872;10.3700008392;94444;53923;12287;766976;3217004134400;47234516
96000;10.5510005951;98348;50693;13117;768000;3225600000000;47852065
96128;12.6440010071;92147;42009;9314;769024;3234207334400;46648718
96256;12.9020004272;100439;50482;8418;770048;3242826137600;47671690
96384;10.4400005341;95184;49069;12637;771072;3251456409600;47310505
96512;10.4440002441;96805;50380;13234;772096;3260098150400;47435225
96640;10.9680004120;114080;71973;11149;773120;3268751360000;49799547
96768;10.3630008698;95664;48253;9595;774144;3277416038400;47360901
96896;10.8400001526;111347;63748;9441;775168;3286092185600;49359864
97024;10.7730007172;106680;58639;9508;776192;3294779801600;49042093
97152;10.6270008087;98629;53709;13753;777216;3303478886400;48373433
97280;10.3940000534;90287;44122;10355;778240;3312189440000;47083097
97408;10.5000009537;88110;41741;9290;779264;3320911462400;46950759
97536;10.7980003357;101539;55950;13285;780288;3329644953600;48701697
97664;10.5870008469;97704;48475;13094;781312;3338389913600;48092089
97792;10.3950004578;88074;38078;13477;782336;3347146342400;47308011
97920;10.6120004654;94563;50324;14785;783360;3355914240000;48144090
98048;10.4750003815;92417;47720;13708;784384;3364693606400;47421517
98176;11.2540006638;114807;72210;13474;785408;3373484441600;50560563
98304;10.8960008621;107725;55181;11374;786432;3382286745600;49488850
98432;10.9570007324;108938;52440;12802;787456;3391100518400;49770189
98560;10.5890007019;96736;52987;13101;788480;3399925760000;48210721
98688;10.5740003586;90996;45452;10465;789504;3408762470400;48082600
98816;10.8680009842;107147;55029;9388;790528;3417610649600;49511697
98944;10.8500003815;101285;55084;8685;791552;3426470297600;49353021
99072;10.9870004654;109409;61405;10361;792576;3435341414400;50198183
99200;10.5780000687;96104;48303;10592;793600;3444224000000;48202397
99328;10.6070003510;91314;44571;9859;794624;3453118054400;48195590
99456;10.9160003662;107633;50766;10819;795648;3462023577600;49609518
99584;10.5930004120;89204;48555;9824;796672;3470940569600;47934769
99712;13.0800008774;101741;56363;10850;797696;3479869030400;49153840
99840;10.8510007858;98174;49921;10213;798720;3488808960000;49055317
99968;10.6550006866;92737;39042;9834;799744;3497760358400;48281481
100096;11.3100004196;118196;62944;10879;800768;3506723225600;51635023
100224;10.5870008469;90379;42110;9270;801792;3515697561600;48171655
100352;10.9340009689;102538;44606;8823;802816;3524683366400;49658480
100480;10.7600002289;91562;44547;10346;803840;3533680640000;48882909
100608;10.6370000839;87539;44880;9074;804864;3542689382400;48224790
100736;10.8410005569;97039;47480;10280;805888;3551709593600;49390417
100864;10.7520008087;94802;49146;9621;806912;3560741273600;48794867
100992;10.9130001068;99056;48227;10141;807936;3569784422400;49617920
101120;11.3450002670;114480;65016;10873;808960;3578839040000;51345260
101248;10.7860002518;95110;43223;10344;809984;3587905126400;48869745
101376;10.8010005951;96931;47082;10435;811008;3596982681600;48997756
101504;11.2660007477;104927;60266;11245;812032;3606071705600;50102558
101632;10.9700002670;98043;47004;10141;813056;3615172198400;49719118
101760;10.7470006943;90567;44834;9876;814080;3624284160000;48786500
101888;10.9770002365;96577;48415;9625;815104;3633407590400;49804087
102016;11.2920007706;110657;60903;10181;816128;3642542489600;51282680
102144;11.0630006790;102793;54604;10470;817152;3651688857600;50214188
102272;11.4980001450;120183;62484;9285;818176;3660846694400;52296975
102400;11.1860008240;104620;58746;9739;819200;3670016000000;50657307
102528;18.9160003662;104935;51394;13284;820224;3679196774400;50610339
102656;11.4010009766;113251;66751;10107;821248;3688389017600;51682952
102784;11.3430004120;110558;64476;9235;822272;3697592729600;51607047
102912;11.6400003433;118830;69533;9114;823296;3706807910400;52726557
103040;11.1760005951;102772;63840;9041;824320;3716034560000;50659906
103168;11.3130006790;112235;58347;10293;825344;3725272678400;51656232
103296;11.1230001450;100279;52117;10323;826368;3734522265600;50507727
103424;11.2520008087;101051;48951;10953;827392;3743783321600;50959447
103552;11.0940008163;98647;47740;10461;828416;3753055846400;50291360
103680;11.4920005798;111917;62515;9260;829440;3762339840000;52241591
103808;11.7380008698;123036;58767;10876;830464;3771635302400;53442442
103936;11.3810005188;105201;55738;10072;831488;3780942233600;51751741
104064;11.1670007706;99169;45977;10397;832512;3790260633600;50583786
104192;11.8330001831;123927;64569;9988;833536;3799590502400;53974775
104320;11.2750005722;103828;51890;10460;834560;3808931840000;51133637
104448;11.2360000610;103746;52208;12506;835584;3818284646400;51437016
104576;11.4820003510;110522;51753;15229;836608;3827648921600;52207898
104704;11.4160003662;109068;51067;15352;837632;3837024665600;52019553
104832;14.0630006790;111190;59039;11780;838656;3846411878400;52811941
104960;11.2160005569;97311;45732;16783;839680;3855810560000;50868182
105088;11.8980007172;117548;63810;14165;840704;3865220710400;53445990
105216;11.4910001755;107021;53697;14473;841728;3874642329600;52356306
105344;11.5070009232;108405;53424;15235;842752;3884075417600;52088159
105472;11.3650007248;104220;57042;14492;843776;3893519974400;51497218
105600;11.4060001373;102590;48866;15267;844800;3902976000000;52184592
105728;13.6730003357;111059;57532;12233;845824;3912443494400;52643140
105856;11.4310007095;103255;53720;14823;846848;3921922457600;52184454
105984;12.0990009308;131169;66870;14858;847872;3931412889600;55184656
106112;11.8770008087;120109;57432;12431;848896;3940914790400;54199673
106240;12.8020009995;105196;55544;14252;849920;3950428160000;52146066
106368;11.9660005569;124583;78120;14031;850944;3959952998400;54440759
106496;11.6040000916;109480;51405;10233;851968;3969489305600;52787477
106624;12.2230005264;104257;60555;10860;852992;3979037081600;51927104
106752;11.6510009766;109767;57157;10669;854016;3988596326400;53071840
106880;13.5990009308;107140;54387;13509;855040;3998167040000;52697204
107008;12.9910001755;104613;54224;14270;856064;4007749222400;52574863
107136;11.7220001221;111811;59169;15403;857088;4017342873600;53284971
107264;11.7710008621;115429;58624;14468;858112;4026947993600;53718631
107392;11.5030002594;101012;50316;14450;859136;4036564582400;52325659
107520;14.0090007782;106623;56821;10513;860160;4046192640000;52514835
107648;11.8140001297;115272;64248;11146;861184;4055832166400;53998340
107776;11.6670007706;107103;53732;10850;862208;4065483161600;53024519
107904;11.9760007858;118992;69407;10100;863232;4075145625600;54534315
108032;11.7900009155;112238;58676;10298;864256;4084819558400;53753396
108160;11.9600009918;115053;64100;11479;865280;4094504960000;54285637
108288;11.7780008316;109747;53753;11500;866304;4104201830400;53651057
108416;11.8810005188;114690;56307;15583;867328;4113910169600;54148779
108544;11.9080009460;117335;62514;12127;868352;4123629977600;54450403
108672;13.9990005493;112453;62235;11816;869376;4133361254400;54328689
108800;11.8990001678;112593;60403;11639;870400;4143104000000;54350288
108928;11.7340002060;104271;49138;11402;871424;4152858214400;53163452
109056;12.3160009384;128969;75614;14980;872448;4162623897600;56200749
109184;11.7950010300;111655;55537;15166;873472;4172401049600;53798984
109312;12.1180009842;121285;64399;15046;874496;4182189670400;55228207
109440;13.2090005875;117205;63335;12414;875520;4191989760000;54663846
109568;11.6140003204;98493;49319;16050;876544;4201801318400;52745769
109696;12.1170005798;111185;60153;16085;877568;4211624345600;54153535
109824;11.9790010452;112315;56112;15554;878592;4221458841600;54519034
109952;11.9190006256;110490;55070;11565;879616;4231304806400;54342078
110080;11.9320001602;110402;58219;11808;880640;4241162240000;54230262
110208;11.8870010376;106496;52415;11584;881664;4251031142400;54144755
110336;12.6350002289;135122;77254;10341;882688;4260911513600;57477681
110464;12.0030002594;110998;53841;12356;883712;4270803353600;54618873
110592;11.9990005493;113406;53513;11612;884736;4280706662400;54718256
110720;12.0530004501;111677;57799;10495;885760;4290621440000;54758902
110848;11.8230009079;106621;52919;12357;886784;4300547686400;53850820
110976;11.8810005188;107781;55835;11098;887808;4310485401600;54091542
111104;12.7130002975;142180;85063;11772;888832;4320434585600;58129487
111232;11.9200010300;104795;55140;10907;889856;4330395238400;54209105
111360;11.9080009460;103602;52768;10987;890880;4340367360000;54020695
111488;12.3080005646;115222;59275;11512;891904;4350350950400;55882172
111616;11.9860010147;105273;55012;11428;892928;4360346009600;54461833
111744;12.9560003281;142325;67971;11886;893952;4370352537600;59110435
111872;12.2420005798;116400;62389;9457;894976;4380370534400;55670900
112000;12.3140001297;121071;68344;11646;896000;4390400000000;56159832
112128;12.7820005417;136767;73805;15367;897024;4400440934400;58020979
112256;12.3560009003;118267;57848;16053;898048;4410493337600;56275786
112384;12.3020009995;116327;61292;16348;899072;4420557209600;55857436
112512;12.3970003128;121559;65864;11470;900096;4430632550400;56526732
112640;14.6950006485;117325;58893;14117;901120;4440719360000;55752729
112768;12.4120006561;119236;60668;12285;902144;4450817638400;56556564
112896;12.3870010376;119061;70489;11348;903168;4460927385600;56276831
113024;12.3630008698;117537;65031;9959;904192;4471048601600;56098353
113152;12.3640003204;119137;67858;11756;905216;4481181286400;56167555
113280;12.5430002213;124580;63972;12050;906240;4491325440000;57133249
113408;12.2990007401;112969;49455;12548;907264;4501481062400;55710882
113536;12.4250001907;117171;57767;12986;908288;4511648153600;56535471
113664;12.2120008469;108747;53680;12011;909312;4521826713600;54977163
113792;12.7140007019;128233;67105;10703;910336;4532016742400;57927786
113920;13.7410011292;110368;59723;15671;911360;4542218240000;56112129
114048;12.4950008392;118228;60071;12206;912384;4552431206400;56708748
114176;12.3790006638;114009;52985;11472;913408;4562655641600;56246465
114304;12.8450002670;133674;86779;12045;914432;4572891545600;58411561
114432;12.2100009918;107980;49770;15644;915456;4583138918400;55625970
114560;12.3690004349;113252;56781;11574;916480;4593397760000;56272665
114688;13.4500007629;127265;70718;12453;917504;4603668070400;57831150
114816;12.5700006485;114875;53934;11507;918528;4613949849600;56732132
114944;13.0400009155;135826;79857;10966;919552;4624243097600;59370353
115072;12.4200010300;111156;57903;12627;920576;4634547814400;56279919
115200;12.4800004959;117185;55931;11616;921600;4644864000000;56947318
115328;12.3000001907;108510;56570;12480;922624;4655191654400;56070357
115456;13.0430002213;139110;77012;12770;923648;4665530777600;59153226
115584;12.5250005722;116241;54225;12312;924672;4675881369600;56993686
115712;12.7890005112;125338;65305;12516;925696;4686243430400;58167416
115840;12.7810001373;119081;60746;13212;926720;4696616960000;57378704
115968;13.0960006714;135014;79300;13387;927744;4707001958400;59463568
116096;12.3320007324;107268;48309;12390;928768;4717398425600;56034216
116224;15.7160005569;114847;58435;12451;929792;4727806361600;57301143
116352;12.9220008850;135836;81788;11482;930816;4738225766400;59063794
116480;12.9830007553;126030;59997;12058;931840;4748656640000;58949925
116608;12.6540002823;116784;57336;13024;932864;4759098982400;57523390
116736;16.0570011139;132194;71942;12443;933888;4769552793600;59367301
116864;12.8630008698;119456;66002;15946;934912;4780018073600;58334827
116992;12.5560007095;112043;54857;12929;935936;4790494822400;57127799
117120;12.6450004578;118514;56517;12962;936960;4800983040000;57426489
117248;13.4060010910;141573;85411;11278;937984;4811482726400;60965027
117376;12.6930007935;116135;59132;12482;939008;4821993881600;57525193
117504;12.7100009918;115349;59476;15873;940032;4832516505600;57677293
117632;12.5600004196;113892;50615;12489;941056;4843050598400;57154027
117760;12.8680009842;121532;54047;12982;942080;4853596160000;58544576
117888;12.8540010452;122432;64172;13680;943104;4864153190400;58578113
118016;12.6890001297;116273;61929;16002;944128;4874721689600;57871941
118144;13.2090005875;132438;68887;13582;945152;4885301657600;60107639
118272;13.3700008392;139658;76261;14118;946176;4895893094400;60817782
118400;13.3460006714;140966;73947;11371;947200;4906496000000;61206452
118528;13.2880010605;135742;78460;10789;948224;4917110374400;60543296
118656;13.4680004120;138417;78720;10721;949248;4927736217600;61351865
118784;13.4940004349;144293;75332;12401;950272;4938373529600;61515028
118912;13.1970005035;132091;67441;12894;951296;4949022310400;59930070
119040;13.3480005264;133615;75762;12307;952320;4959682560000;60689274
119168;12.8020009995;114201;60555;12909;953344;4970354278400;58214124
119296;13.8470010757;127141;62670;12697;954368;4981037465600;58758836
119424;13.0530004501;117392;55614;14590;955392;4991732121600;58498671
119552;12.7960004807;111541;55142;19774;956416;5002438246400;57909525
119680;13.2970008850;135572;68958;17619;957440;5013155840000;60679030
119808;13.1960010529;130230;69070;11169;958464;5023884902400;60294419
119936;13.3280010223;129085;77229;16705;959488;5034625433600;60144243
120064;16.3940010071;133740;72181;13491;960512;5045377433600;60864677
120192;13.1020002365;121401;56306;18290;961536;5056140902400;59530814
120320;13.3810005188;134946;69211;12290;962560;5066915840000;60698852
120448;13.0980005264;123094;62252;12763;963584;5077702246400;59579004
120576;12.9500007629;112835;52776;12709;964608;5088500121600;58497884
120704;13.3220005035;129183;67841;12398;965632;5099309465600;60417444
120832;13.8450002670;143148;80624;12624;966656;5110130278400;62588024
120960;13.3580007553;122303;58278;13071;967680;5120962560000;60586672
121088;13.5500001907;140431;76994;12581;968704;5131806310400;61933391
121216;13.3910007477;136002;74703;13119;969728;5142661529600;61276947
121344;13.2100009918;126805;69912;13046;970752;5153528217600;60336670
121472;13.4780006409;136286;73901;11536;971776;5164406374400;61547533
121600;13.0410003662;114610;64518;13108;972800;5175296000000;59439383
121728;13.3210010529;125989;65191;12620;973824;5186197094400;60680384
121856;13.2520008087;124851;61050;13256;974848;5197109657600;60555034
121984;13.3630008698;122782;69695;11881;975872;5208033689600;60489411
122112;13.1990003586;117119;60834;13551;976896;5218969190400;59851679
122240;13.5280008316;130365;71082;11987;977920;5229916160000;61399932
122368;12.9720010757;109556;53480;13756;978944;5240874598400;58743524
122496;14.5040006638;175901;115854;12351;979968;5251844505600;66262718
122624;13.1600008011;115987;62487;13260;980992;5262825881600;59752553
122752;13.3390007019;129046;70315;14840;982016;5273818726400;60878400
122880;13.5860004425;136607;74709;13123;983040;5284823040000;62066421
123008;13.2839355469;122270;66537;13405;984064;5295838822400;60725467
123136;13.6700010300;137762;75100;14546;985088;5306866073600;62404711
123264;13.3690004349;127188;68146;12599;986112;5317904793600;60933671
123392;13.4590005875;121036;61224;19068;987136;5328954982400;60505046
123520;13.3560009003;124351;70095;13111;988160;5340016640000;60733627
123648;13.4690008163;119963;61817;13082;989184;5351089766400;60731876
123776;13.6050004959;125274;66267;13718;990208;5362174361600;61685238
123904;13.3880004883;120736;60477;13981;991232;5373270425600;60859455
124032;13.8570003510;136776;86524;13002;992256;5384377958400;63082300
124160;13.3420009613;123237;67008;13148;993280;5395496960000;60763472
124288;13.8140010834;133767;69232;12991;994304;5406627430400;62960950
124416;13.5370006561;128155;70491;13226;995328;5417769369600;61554673
124544;13.6140003204;128495;72037;17557;996352;5428922777600;62063291
124672;13.9610004425;139340;80799;14523;997376;5440087654400;63569705
124800;14.8930006027;151788;89225;14045;998400;5451264000000;64809006
124928;14.2020006180;153142;89389;12353;999424;5462451814400;65006111
125056;13.7450008392;135837;70803;14433;1000448;5473651097600;62630073
125184;13.5810003281;128225;63703;17593;1001472;5484861849600;61981378
125312;14.9240007401;136569;65816;16014;1002496;5496084070400;62890246
125440;13.8130006790;135601;62266;14084;1003520;5507317760000;62934751
125568;13.4190006256;116992;58668;13866;1004544;5518562918400;61014151
125696;13.8770008087;136190;75559;14167;1005568;5529819545600;63122154
125824;13.5670003891;124565;57036;14484;1006592;5541087641600;61584428
125952;13.8570003510;130490;69656;14382;1007616;5552367206400;62824350
126080;13.6460008621;127836;65194;18289;1008640;5563658240000;62265463
126208;13.7770004272;129629;69480;18342;1009664;5574960742400;62495759
126336;13.9560003281;137528;75113;14135;1010688;5586274713600;63653320
126464;14.2190008163;145606;80724;13138;1011712;5597600153600;64874390
126592;13.9180002213;135325;81461;13039;1012736;5608937062400;63420036
126720;13.8350009918;131935;72622;15364;1013760;5620285440000;62692815
126848;14.1020002365;141515;64894;14469;1014784;5631645286400;64294963
126976;13.8090009689;126035;62028;13659;1015808;5643016601600;62324179
127104;13.9200010300;130247;68445;14425;1016832;5654399385600;63228023
127232;13.7680006027;126778;64685;15850;1017856;5665793638400;62726892
127360;14.3340005875;148924;91185;12154;1018880;5677199360000;65586025
127488;17.4300003052;152410;86800;15490;1019904;5688616550400;65342187
127616;13.8820009232;131645;70533;14122;1020928;5700045209600;63081793
127744;16.2560005188;143424;80163;16548;1021952;5711485337600;64601899
127872;14.1400003433;143118;85403;17479;1022976;5722936934400;64630291
128000;13.9550008774;132728;69789;14263;1024000;5734400000000;63585481
