array_size;time_spent(s);PAPI_L1_TCM;PAPI_L2_TCM;PAPI_L3_TCM;DATA_BYTES;NUM_INSTRUCTIONS;PAPI_TOT_INS
2048;0.1850000024;1101;1620;595;16384;2380342;1265756
2176;0.2030000091;1151;1656;50;17408;2549223;1379428
2304;0.1840000153;1217;1665;87;18432;2719253;1495199
2432;0.1730000079;1686;1887;80;19456;2890366;1610963
2560;0.1710000038;1725;1915;39;20480;3062508;1728897
2688;0.1850000024;1777;2089;67;21504;3235625;1844691
2816;0.1950000077;2009;2058;57;22528;3409672;1962626
2944;0.2080000043;2221;2199;84;23552;3584606;2080578
3072;0.2190000117;2359;2180;74;24576;3760388;2200688
3200;0.2320000082;2637;2514;73;25600;3936984;2255957
3328;0.2270000130;2548;2361;55;26624;4114360;2313347
3456;0.2330000103;2739;2531;60;27648;4292488;2370755
3584;0.2340000123;2803;2419;58;28672;4471338;2430321
3712;0.2410000116;2838;2722;76;29696;4650885;2487747
3840;0.2480000108;3129;2605;63;30720;4831104;2547314
3968;0.3180000186;3467;3435;72;31744;5011975;2606899
4096;0.2600000203;3423;2832;64;32768;5193475;2668640
4224;0.2720000148;3590;2957;55;33792;5375585;2785530
4352;0.2860000134;3854;2776;102;34816;5558286;2904489
4480;0.2960000038;4201;2972;48;35840;5741561;3023465
4608;0.3020000160;4440;2989;67;36864;5925394;3144599
4736;0.3170000017;4454;3735;73;37888;6109769;3263593
4864;0.3860000074;5046;3736;81;38912;6294671;3384729
4992;0.3370000124;5089;3165;73;39936;6480087;3505880
5120;0.3740000129;5310;3359;1246;40960;6666003;3629190
5248;0.3860000074;5477;3634;64;41984;6852407;3748202
5376;0.4490000308;6041;3798;80;43008;7039287;3869337
5504;0.3970000148;5750;3474;87;44032;7226631;3990489
5632;0.4070000052;5900;3673;54;45056;7414429;4124548
5760;0.4370000064;6047;3767;1372;46080;7602671;4246102
5888;0.5049999952;6359;3850;108;47104;7791347;4369797
6016;0.5130000114;6540;4036;87;48128;7980446;4493509
6144;0.5190000534;6800;3994;76;49152;8169961;4619379
6272;0.5400000215;6814;5046;47;50176;8359883;4677866
6400;0.4720000327;6908;4356;74;51200;8550202;4738456
6528;0.4800000191;7230;4071;73;52224;8740912;4799064
6656;0.4920000136;7358;4541;77;53248;8932005;4861830
6784;0.4940000176;7424;4965;99;54272;9123472;4922456
6912;0.4860000312;7635;4484;80;55296;9315308;4985223
7040;0.5440000296;8428;7293;143;56320;9507505;5048008
7168;0.4870000184;8151;5428;42;57344;9700057;5112949
7296;0.4970000088;8268;4459;112;58368;9892958;5173593
7424;0.5040000081;8430;4650;145;59392;10086201;5236360
7552;0.5790000558;9065;7874;126;60416;10279780;5299145
7680;0.5150000453;8887;6469;82;61440;10473690;5364086
7808;0.5260000229;8875;5151;106;62464;10667925;5426888
7936;0.5320000052;9339;6685;73;63488;10862480;5491831
8064;0.5680000186;9670;5827;97;64512;11057350;5556792
8192;0.5410000086;9773;6506;85;65536;11252530;5623909
8320;0.5560000539;9819;6619;126;66560;11448014;5744401
8448;0.5740000010;10195;6214;168;67584;11643799;5866944
8576;0.5890000463;10516;7566;95;68608;11839879;5989504
8704;0.5940000415;10535;7280;148;69632;12036250;6114222
8832;0.6050000191;10860;6661;81;70656;12232909;6236800
8960;0.6210000515;11004;6582;159;71680;12429850;6361519
9088;0.6230000257;11492;5675;109;72704;12627070;6486255
9216;0.6340000033;11749;7704;126;73728;12824565;6613149
9344;0.6480000019;11995;7653;146;74752;13022331;6735745
9472;0.6610000134;12282;7677;97;75776;13220364;6860464
9600;0.6730000377;12550;9596;115;76800;13418661;6985200
9728;0.7080000043;12868;6524;114;77824;13617218;7270055
9856;0.6960000396;13046;8430;123;78848;13816031;7398393
9984;0.7020000219;13363;8154;128;79872;14015098;7528872
10112;0.7370000482;13650;8958;227;80896;14214416;7659368
10240;0.7450000644;13962;9250;205;81920;14413980;7792022
10368;0.7730000615;14208;11269;144;82944;14613788;7918221
10496;0.7770000100;14134;6855;120;83968;14813837;8046523
10624;0.7900000215;14676;10248;116;84992;15014124;8174843
10752;0.8460000157;14995;14419;155;86016;15214646;8305322
10880;0.8180000186;14948;9153;115;87040;15415401;8433659
11008;0.8250000477;14960;7795;76;88064;15616385;8564138
11136;0.8340000510;15493;12784;130;89088;15817596;8694634
11264;0.8420000672;15618;8263;90;90112;16019031;8827288
11392;0.8590000272;15858;9802;154;91136;16220688;8955645
11520;0.8740000129;15868;7851;142;92160;16422564;9086123
11648;0.8860000372;16522;9287;163;93184;16624657;9216620
11776;0.8930000663;16185;8128;115;94208;16826964;9349273
11904;0.9100000262;16509;7811;90;95232;17029484;9479787
12032;0.9150000215;16929;10196;149;96256;17232213;9612442
12160;0.9240000248;17096;13975;141;97280;17435150;9745114
12288;0.9340000153;17478;12086;166;98304;17638292;9879944
12416;0.9490000606;17433;10544;61;99328;17841637;9941648
12544;0.9630000591;17610;16431;132;100352;18045184;10005439
12672;0.9710000753;18018;10937;311;101376;18248930;10069247
12800;0.9850000739;18133;13066;169;102400;18452872;10135214
12928;0.9860000610;18191;10662;141;103424;18657010;10199039
13056;0.9990000725;18694;12042;70;104448;18861342;10265007
13184;0.9410000443;18852;13704;103;105472;19065864;10330990
13312;0.9540000558;18923;12337;148;106496;19270576;10399132
13440;0.9510000348;19157;13651;65;107520;19475475;10462976
13568;1.0440000296;19538;11546;342;108544;19680561;10528943
13696;0.9680000544;19703;12237;280;109568;19885830;10594927
13824;1.0010000467;19656;14361;127;110592;20091282;10663069
13952;1.0559999943;19974;15444;186;111616;20296914;10729071
14080;1.0380001068;20309;14182;111;112640;20502726;10797214
14208;1.0380001068;20671;16277;173;113664;20708715;10865374
14336;1.0370000601;20962;13547;146;114688;20914879;10935692
14464;1.0630000830;21320;13234;153;115712;21121218;10999555
14592;1.0260000229;21068;13680;271;116736;21327729;11065521
14720;1.0780000687;21954;16295;155;117760;21534412;11131505
14848;1.0780000687;21661;15297;176;118784;21741264;11199647
14976;1.0350000858;21662;14745;156;119808;21948285;11265649
15104;1.0270000696;22107;15246;158;120832;22155472;11333792
15232;1.0300000906;22820;16534;261;121856;22362825;11401952
15360;1.0640000105;22500;16980;230;122880;22570342;11472270
15488;1.8260000944;22511;16122;3476;123904;22778021;11538291
15616;1.8470001221;23315;14831;153;124928;22985861;11606434
15744;1.3180000782;23808;19565;190;125952;23193862;11674594
15872;1.1400001049;23226;13592;133;126976;23402021;11744911
16000;1.1420000792;23374;18366;131;128000;23610337;11813089
16128;1.1880000830;24314;20552;153;129024;23818810;11883409
16256;1.1170001030;23990;17184;133;130048;24027437;11953744
16384;1.1150000095;24566;19252;218;131072;24236218;12025946
16512;1.1730000973;24839;20807;467;132096;24445152;12153239
16640;1.1650000811;24797;16101;282;133120;24654236;12282566
16768;1.1650000811;24898;16933;267;134144;24863471;12411909
16896;1.2110000849;25227;16825;286;135168;25072855;12299918
17024;1.2080000639;25805;17510;344;136192;25282387;12425696
17152;1.4700000286;26088;20322;245;137216;25492065;12553614
17280;1.1860001087;26397;21782;317;138240;25701889;12681551
17408;1.1690000296;26599;21960;313;139264;25911857;12811645
17536;1.2090001106;26906;22106;349;140288;26121969;12937442
17664;1.1950000525;27626;21651;259;141312;26332223;13065359
17792;1.1990000010;27487;19986;296;142336;26542619;13193295
17920;1.2130000591;27723;21901;264;143360;26753155;13323390
18048;1.2240000963;28220;20104;228;144384;26963831;13451344
18176;1.2640000582;28582;24301;276;145408;27174645;13581438
18304;1.2340000868;28745;21021;321;146432;27385596;13711550
18432;1.2430000305;29440;21430;244;147456;27596684;13843822
18560;1.3400000334;29221;22233;145;148480;27807907;13969635
18688;1.3450000286;29344;22458;438;149504;28019265;14097553
18816;1.3550000191;29844;25220;197;150528;28230756;14225490
18944;1.3960000277;29830;25539;346;151552;28442380;14355584
19072;1.3520001173;30425;26712;261;152576;28654136;14483538
19200;1.3720000982;30750;24487;296;153600;28866023;14613633
19328;1.3730000257;30828;24261;160;154624;29078040;14743744
19456;1.4110000134;31150;22441;267;155648;29290186;14876015
19584;1.4020000696;31300;25600;233;156672;29502461;15003987
19712;1.4520000219;31773;29454;226;157696;29714863;15134082
19840;1.4270000458;31882;23282;287;158720;29927392;15264193
19968;1.4590001106;32117;24852;454;159744;30140047;15396464
20096;1.4760000706;32432;24783;484;160768;30352827;15526595
20224;1.4580000639;32774;27769;413;161792;30565731;15658865
20352;1.4590001106;32962;25699;322;162816;30778758;15791152
20480;1.4670001268;33475;29222;340;163840;30991909;15925599
20608;1.5330001116;33711;28647;302;164864;31205181;16051432
20736;1.5690001249;33814;29980;328;165888;31418574;16179350
20864;1.5480000973;33923;27697;260;166912;31632088;16307285
20992;1.5660001040;34202;28494;355;167936;31845722;16437380
21120;1.6310000420;34496;33493;297;168960;32059474;16565335
21248;1.5980000496;34910;30909;333;169984;32273345;16695429
21376;1.5690001249;34958;32382;334;171008;32487334;16825540
21504;1.5830000639;35178;30559;183;172032;32701439;16957811
21632;1.5910000801;35513;30120;380;173056;32915660;17085784
21760;1.6050000191;35681;30415;275;174080;33129997;17215877
21888;1.6350001097;36161;30105;254;175104;33344449;17345989
22016;1.6220000982;36109;33134;281;176128;33559014;17478260
22144;1.6720000505;36503;34649;264;177152;33773694;17608391
22272;1.6430001259;36854;31669;265;178176;33988485;17740660
22400;1.6710001230;36828;28714;318;179200;34203390;17872948
22528;1.6540000439;37232;30296;342;180224;34418405;18007395
22656;1.6770000458;37750;35765;244;181248;34633532;18135386
22784;1.6960000992;37651;33346;271;182272;34848768;18265480
22912;1.7050000429;38176;33248;360;183296;35064114;18395591
23040;1.6960000992;38202;36388;249;184320;35279570;18527862
23168;1.8550001383;38526;36271;5090;185344;35495133;18657992
23296;2.0670001507;39111;35535;361;186368;35710805;18790263
23424;2.0820000172;39062;31830;459;187392;35926584;18922551
23552;2.0850000381;39184;36296;631;188416;36142469;19056997
23680;1.8370001316;39291;35040;358;189440;36358460;19187145
23808;1.8440001011;39595;34679;252;190464;36574557;19319415
23936;1.8450000286;39745;34306;359;191488;36790759;19451703
24064;1.8340001106;39895;36402;388;192512;37007065;19586150
24192;1.8130000830;39995;37373;416;193536;37223475;19718456
24320;1.8910000324;40403;36654;425;194560;37439988;19852902
24448;1.8310000896;40463;36738;321;195584;37656604;19987366
24576;1.9010001421;41855;40501;330;196608;37873322;20123989
24704;1.9220000505;42112;34954;365;197632;38090141;20188912
24832;1.9340001345;41862;38853;249;198656;38307062;20255902
24960;1.9750001431;42368;40567;454;199680;38524083;20322910
25088;1.9540001154;42075;39048;394;200704;38741205;20392077
25216;1.9700001478;42437;41501;345;201728;38958426;20459103
25344;1.9760000706;42651;39203;320;202752;39175746;20528269
25472;1.9870001078;42689;42198;352;203776;39393164;20597453
25600;1.9900001287;42930;41861;304;204800;39610681;20668796
25728;2.0050001144;43396;41254;379;205824;39828295;20735840
25856;2.0080001354;43454;40942;367;206848;40046006;20805005
25984;2.0199999809;43796;41097;332;207872;40263814;20874190
26112;2.0350000858;44001;43183;356;208896;40481717;20945545
26240;2.0260000229;44534;41426;324;209920;40699717;21014735
26368;2.0550000668;44606;41973;408;210944;40917812;21086077
26496;2.0450000763;44987;45511;430;211968;41136001;21157437
26624;2.0480000973;44911;44081;295;212992;41354285;21230955
26752;2.2000000477;45781;42539;6723;214016;41572662;21298017
26880;2.1940000057;45895;44599;534;215040;41791133;21367184
27008;2.1560001373;45721;45975;493;216064;42009697;21436368
27136;2.1530001163;46021;43644;443;217088;42228353;21507711
27264;2.1470000744;47081;45641;398;218112;42447101;21576912
27392;2.1550002098;46491;46910;683;219136;42665941;21648254
27520;2.1690001488;46953;44077;402;220160;42884872;21719614
27648;2.1290001869;47097;46286;335;221184;43103894;21793134
27776;2.1150000095;47587;48905;330;222208;43323006;21862354
27904;2.1070001125;47846;48580;260;223232;43542208;21933696
28032;2.1260001659;48401;52260;474;224256;43761500;22005056
28160;2.0900001526;48444;49274;301;225280;43980881;22078575
28288;2.1180000305;48651;47609;393;226304;44200350;22149953
28416;2.1260001659;48965;46995;410;227328;44419908;22223470
28544;2.1150000095;48720;48470;453;228352;44639553;22297006
28672;2.1220002174;49596;47553;337;229376;44859286;22372701
28800;2.0710000992;49705;48654;487;230400;45079106;22439781
28928;2.0850000381;50059;49606;618;231424;45299013;22508947
29056;2.1710000038;50241;49133;513;232448;45519006;22578131
29184;2.2190001011;50351;55891;441;233472;45739086;22649475
29312;2.1720001698;50719;52217;385;234496;45959250;22718677
29440;2.1920001507;51079;53629;407;235520;46179500;22790018
29568;2.1910002232;51381;52718;472;236544;46399835;22861379
29696;2.1860001087;51337;53656;354;237568;46620254;22934897
29824;2.2000000477;51674;53263;419;238592;46840758;23004117
29952;2.2110002041;52122;51860;371;239616;47061345;23075459
30080;2.2120001316;52306;55644;388;240640;47282015;23146819
30208;2.2300000191;52893;56212;311;241664;47502769;23220339
30336;2.2369999886;53136;52870;381;242688;47723605;23291717
30464;2.2260000706;53448;55381;393;243712;47944523;23365235
30592;2.2230000496;53818;56324;369;244736;48165524;23438770
30720;2.2310001850;54002;56393;431;245760;48386606;23514465
30848;2.2430000305;54394;57620;381;246784;48607769;23583703
30976;2.2630000114;54974;56432;434;247808;48829014;23655046
31104;2.3170001507;55170;62842;453;248832;49050339;23726406
31232;2.2850000858;55553;55349;446;249856;49271744;23799925
31360;2.2880001068;55925;57338;243;250880;49493229;23871302
31488;2.2980000973;56064;61085;458;251904;49714794;23944820
31616;2.3120000362;55694;61085;311;252928;49936439;24018357
31744;2.3250000477;55604;62224;353;253952;50158162;24094052
31872;2.3230001926;55987;61862;326;254976;50379964;24165448
32000;2.3420000076;56396;56762;254;256000;50601844;24238965
32128;2.3310000896;56384;60180;348;257024;50823802;24312501
32256;2.3450000286;56530;64380;332;258048;51045838;24388197
32384;2.3540000916;56526;63752;329;259072;51267952;24461751
32512;2.3490002155;56574;63196;385;260096;51490143;24537444
32640;2.3490002155;56868;62862;333;261120;51712410;24613156
32768;2.3790001869;58670;67582;309;262144;51934754;24691028
32896;2.3760001659;58408;64824;330;263168;52157174;24817956
33024;2.3980000019;59041;63647;306;264192;52379670;24946898
33152;2.4030001163;58233;64596;386;265216;52602242;25075857
33280;2.4310002327;58411;66567;544;266240;52824889;25206977
33408;2.4410002232;58694;64877;400;267264;53047611;25335955
33536;2.4570000172;59100;65184;368;268288;53270408;25467072
33664;2.4640002251;59273;65516;306;269312;53493279;25598208
33792;2.4830000401;59252;66059;391;270336;53716225;25731504
33920;2.4900000095;60254;67522;313;271360;53939244;25860500
34048;2.5080001354;60566;71101;393;272384;54162337;25991617
34176;2.5210001469;60964;66897;281;273408;54385504;26122754
34304;2.4020001888;61307;68457;360;274432;54608743;26256049
34432;2.3910000324;61596;71655;390;275456;54832056;26387203
34560;2.4170000553;62162;68815;341;276480;55055440;26520497
34688;2.4160001278;62402;67057;409;277504;55278898;26653808
34816;2.4220001698;62295;71642;298;278528;55502427;26789279
34944;2.4280002117;63038;70369;341;279552;55726028;26918293
35072;2.4440000057;63216;71631;429;280576;55949700;27049411
35200;2.4610002041;63611;70545;404;281600;56173443;27180548
35328;2.5010001659;63304;71642;288;282624;56397258;27313843
35456;2.4790000916;64030;76446;477;283648;56621143;27444996
35584;2.4940001965;64466;72281;369;284672;56845099;27578290
35712;2.4970002174;64588;79110;341;285696;57069125;27711603
35840;2.5190000534;65900;73698;390;286720;57293220;27847074
35968;2.5240001678;65725;76420;325;287744;57517386;27978252
36096;2.5230000019;65536;75077;294;288768;57741621;28111539
36224;2.5730001926;66113;74270;664;289792;57965925;28244851
36352;2.5510001183;66397;76817;563;290816;58190298;28380323
36480;2.5720000267;66765;75814;392;291840;58414739;28513653
36608;2.5650000572;67287;73437;498;292864;58639249;28649123
36736;2.5660002232;67329;73970;382;293888;58863828;28784610
36864;2.5780000687;67864;74688;437;294912;59088474;28922258
36992;2.6100001335;67988;77865;423;295936;59313188;29051290
37120;3.3210000992;68726;77015;8048;296960;59537970;29182408
37248;3.3270001411;68621;79148;707;297984;59762819;29313544
37376;3.3480000496;69459;77546;554;299008;59987735;29446839
37504;3.0330002308;69709;78804;438;300032;60212718;29577993
37632;2.7580001354;69222;75842;327;301056;60437767;29711286
37760;2.8590002060;69846;78602;272;302080;60662883;29844599
37888;2.6860001087;70301;80335;341;303104;60888065;29980069
38016;2.7430000305;70136;80398;539;304128;61113313;30111242
38144;2.7240002155;70781;80884;472;305152;61338626;30244536
38272;2.7440001965;71122;78255;417;306176;61564005;30377848
38400;2.7380001545;71896;75547;383;307200;61789449;30513318
38528;2.7520000935;71671;78540;426;308224;62014959;30646649
38656;2.7690000534;71891;82835;375;309248;62240533;30782119
38784;2.8190002441;72216;82682;362;310272;62466172;30917606
38912;2.7940001488;72484;81229;388;311296;62691875;31055254
39040;2.8180000782;73129;86357;464;312320;62917642;31186444
39168;2.8140001297;73127;79054;436;313344;63143473;31319737
39296;2.8970000744;73367;82362;486;314368;63369368;31453050
39424;2.8490002155;73542;80486;377;315392;63595327;31588520
39552;2.9370000362;74050;89340;822;316416;63821349;31721851
39680;3.0130002499;74349;84152;633;317440;64047434;31857321
39808;3.0520000458;74586;85545;422;318464;64273582;31992809
39936;3.0310001373;74806;84270;420;319488;64499793;32130456
40064;3.0890002251;75035;87963;499;320512;64726066;32263804
40192;3.0780000687;75696;86766;549;321536;64952402;32399274
40320;3.0880000591;75896;88829;440;322560;65178800;32534762
40448;3.0370001793;75887;86529;489;323584;65405259;32672408
40576;3.0210001469;76448;88843;459;324608;65631781;32807915
40704;3.1100001335;76322;86606;444;325632;65858364;32945560
40832;3.0490002632;76682;89183;332;326656;66085008;33083225
40960;3.0740001202;77628;86522;414;327680;66311714;33223047
41088;3.0890002251;77579;88143;409;328704;66538481;33352098
41216;3.0700001717;77899;91126;418;329728;66765308;33483216
41344;3.1170001030;78667;91117;486;330752;66992196;33614352
41472;3.0740001202;78465;93100;437;331776;67219144;33747647
41600;3.0280001163;78875;87278;583;332800;67446153;33878801
41728;3.0940001011;78896;92811;538;333824;67673221;34012095
41856;3.0740001202;79586;90260;502;334848;67900350;34145407
41984;3.3740000725;79674;96494;9005;335872;68127538;34280878
42112;3.3780002594;79676;91734;606;336896;68354785;34412049
42240;3.3320002556;80385;97086;631;337920;68582092;34545344
42368;3.3220002651;80784;91911;476;338944;68809458;34678656
42496;3.3370001316;80878;98585;547;339968;69036883;34814127
42624;3.3470001221;81068;90889;457;340992;69264367;34947457
42752;3.3300001621;81102;95920;442;342016;69491909;35082927
42880;3.1600000858;81356;95394;488;343040;69719510;35218415
43008;3.3350002766;81850;92359;622;344064;69947169;35356062
43136;3.3930001259;82092;93617;497;345088;70174886;35487252
43264;3.4000000954;82778;93012;537;346112;70402661;35620546
43392;3.3990001678;83034;89878;476;347136;70630494;35753858
43520;3.4320001602;82849;96982;728;348160;70858384;35889329
43648;3.4380002022;83996;99687;584;349184;71086332;36022659
43776;3.4440002441;83484;94673;555;350208;71314337;36158129
43904;3.4590001106;83739;92438;492;351232;71542399;36293617
44032;3.4960000515;84472;95454;478;352256;71770518;36431264
44160;3.4800002575;84082;96659;574;353280;71998693;36564612
44288;3.4910001755;84559;98683;488;354304;72226925;36700082
44416;3.4830002785;84465;99996;614;355328;72455214;36835569
44544;3.3960001469;85086;99260;434;356352;72683559;36973223
44672;3.4330000877;85720;100078;567;357376;72911959;37108723
44800;3.5200002193;85619;98881;603;358400;73140416;37246369
44928;3.5340001583;85890;101142;544;359424;73368928;37384033
45056;3.5370001793;86847;101710;605;360448;73597497;37523856
45184;3.5880000591;86863;97445;738;361472;73826120;37655064
45312;3.5770001411;86824;98651;607;362496;74054799;37788358
45440;3.5970001221;86939;101155;608;363520;74283533;37921670
45568;3.6220002174;86931;100064;489;364544;74512321;38057141
45696;4.3289999962;87840;102392;9823;365568;74741165;38190471
45824;5.6720004082;88694;102149;10009;366592;74970063;38325941
45952;5.0470004082;88503;99781;655;367616;75199016;38461429
46080;4.0659999847;88630;103812;829;368640;75428023;38599076
46208;3.8490002155;88787;101051;673;369664;75657085;38732423
46336;3.6930000782;89001;103184;506;370688;75886200;38867894
46464;3.7080001831;89391;103238;421;371712;76115369;39003382
46592;3.7370002270;89565;105999;525;372736;76344592;39141029
46720;3.7370002270;89851;107132;637;373760;76573869;39276535
46848;3.8890001774;91007;102038;9948;374784;76803199;39414181
46976;7.7850003242;91301;108408;9929;375808;77032583;39551845
47104;6.8800001144;98671;115703;549;376832;77262019;39691669
47232;3.9070003033;91416;103549;872;377856;77491509;39825034
47360;3.9170002937;91655;105573;979;378880;77721051;39960504
47488;3.8000001907;91222;106572;636;379904;77950646;40095992
47616;3.8180000782;91894;106615;724;380928;78180294;40233639
47744;3.8100001812;92066;108936;641;381952;78409995;40369145
47872;3.7860002518;92245;106598;526;382976;78639747;40506791
48000;3.8230001926;92364;108254;519;384000;78869552;40644455
48128;3.6770002842;93270;106294;645;385024;79099409;40784278
48256;3.9970002174;93455;108201;10387;386048;79329317;40919802
48384;3.9950001240;92961;112970;605;387072;79559278;41057448
48512;4.0040001869;93383;108841;720;388096;79789290;41195112
48640;3.9000000954;93821;113004;548;389120;80019353;41334935
48768;3.9070003033;94334;112683;653;390144;80249468;41472617
48896;3.9030001163;93884;111498;641;391168;80479634;41612439
49024;3.9280002117;94676;111046;677;392192;80709851;41752279
49152;3.9330000877;96538;111253;612;393216;80940120;41894278
49280;3.9550001621;95663;112544;530;394240;81170439;41962418
49408;3.9200000763;95952;112901;612;395264;81400808;42032608
49536;3.9510002136;96744;115175;634;396288;81631228;42102816
49664;3.9740002155;96931;115504;595;397312;81861699;42175183
49792;4.0069999695;96685;110038;508;398336;82092220;42245409
49920;4.0490002632;96926;117193;595;399360;82322791;42317775
50048;4.0370001793;97373;118505;610;400384;82553412;42390159
50176;4.0350003242;97117;113808;661;401408;82784083;42464702
50304;3.9580001831;97407;118484;580;402432;83014804;42534946
50432;3.9760000706;98154;116401;476;403456;83245574;42607312
50560;3.9410002232;97825;113840;535;404480;83476394;42679696
50688;3.9540002346;98321;122180;755;405504;83707263;42754239
50816;3.9830002785;98441;116393;621;406528;83938182;42826641
50944;3.9790000916;98748;119316;662;407552;84169149;42901183
51072;3.9540002346;99233;116029;559;408576;84400166;42975743
51200;3.9340002537;100049;116970;507;409600;84631232;43052461
51328;4.0940003395;100178;118737;446;410624;84862346;43122724
51456;4.1010003090;100104;122922;588;411648;85093509;43195090
51584;4.0420002937;100884;117806;515;412672;85324721;43267474
51712;4.0490002632;100097;121195;734;413696;85555981;43342017
51840;4.0310001373;100929;121941;665;414720;85787289;43414419
51968;4.0329999924;101634;119730;559;415744;86018646;43488961
52096;4.1340003014;101219;119938;694;416768;86250050;43563521
52224;4.0540003777;101514;123043;681;417792;86481503;43640240
52352;4.0880002975;102100;120983;685;418816;86713003;43712660
52480;4.0410003662;102858;124806;792;419840;86944551;43787202
52608;4.0630002022;102623;121250;794;420864;87176147;43861762
52736;4.3940000534;104174;123144;11000;421888;87407790;43938481
52864;5.6990003586;103453;130132;11324;422912;87639481;44013059
52992;11.7770004272;104262;125185;11493;423936;87871218;44089779
53120;5.6790003777;103946;123114;769;424960;88103003;44166512
53248;4.3830003738;105258;127142;842;425984;88334835;44245408
53376;4.3300004005;104906;126136;613;427008;88566714;44315688
53504;4.2850003242;105680;125067;724;428032;88798639;44388054
53632;4.2650003433;105124;126989;609;429056;89030612;44460438
53760;4.2910003662;105181;128499;571;430080;89262630;44534981
53888;4.2560000420;106404;131991;709;431104;89494696;44607383
54016;4.2330002785;105903;131129;832;432128;89726807;44681925
54144;4.2420001030;107064;130844;728;433152;89958965;44756485
54272;4.2130002975;106934;132151;606;434176;90191169;44833203
54400;4.2100000381;107015;130225;679;435200;90423419;44905624
54528;4.2000002861;107268;127674;779;436224;90655715;44980166
54656;4.2320003510;108419;132653;949;437248;90888057;45054726
54784;4.2640004158;107382;130445;702;438272;91120444;45131445
54912;4.2510004044;108294;128059;768;439296;91352877;45206022
55040;4.2650003433;107908;133586;820;440320;91585356;45282741
55168;4.2580003738;108576;131659;819;441344;91817879;45359477
55296;4.3300004005;108763;128593;758;442368;92050449;45438372
55424;4.3070001602;109870;131345;971;443392;92283063;45510811
55552;4.3120002747;109703;130513;790;444416;92515722;45585352
55680;4.2940001488;111069;132345;629;445440;92748427;45659912
55808;4.3000001907;109908;133025;712;446464;92981176;45736631
55936;4.2750000954;111397;130636;737;447488;93213970;45811209
56064;4.2710003853;111105;131041;787;448512;93446808;45887927
56192;4.6880002022;112003;135367;11670;449536;93679691;45964663
56320;5.6680002213;111155;137532;804;450560;93912619;46043559
56448;4.4720001221;111797;137581;720;451584;94145591;46118154
56576;4.4279999733;111575;137777;774;452608;94378607;46194872
56704;4.3960003853;111995;133586;535;453632;94611667;46271608
56832;4.3730001450;113196;134673;547;454656;94844772;46350503
56960;4.3800001144;114169;136220;759;455680;95077920;46427257
57088;4.3250002861;113371;135471;769;456704;95311112;46506151
57216;4.3050003052;113662;140699;686;457728;95544348;46585063
57344;4.2780003548;114411;139317;767;458752;95777627;46666134
57472;4.3080000877;114630;136532;685;459776;96010951;46736432
57600;4.3000001907;114417;138688;768;460800;96244317;46808798
57728;5.9280004501;126942;144804;690;461824;96477727;46881183
57856;4.3220000267;115435;140512;735;462848;96711180;46955725
57984;4.3270001411;115464;142826;472;463872;96944677;47028127
58112;4.3880000114;115508;138919;607;464896;97178216;47102669
58240;4.3910002708;115808;142052;733;465920;97411798;47177229
58368;4.4530000687;115723;143105;757;466944;97645424;47253948
58496;4.3980002403;116659;140101;823;467968;97879092;47326368
58624;4.4320001602;116701;142637;987;468992;98112802;47400910
58752;4.4320001602;116807;142289;734;470016;98346556;47475470
58880;4.4180002213;118045;141079;868;471040;98580352;47552189
59008;4.4409999847;118833;138785;814;472064;98814190;47626768
59136;4.5080003738;118229;142778;890;473088;99048071;47703485
59264;4.4650001526;118908;140048;842;474112;99281993;47780221
59392;4.4420003891;118340;144535;757;475136;99515958;47859116
59520;4.9380002022;121660;146213;762;476160;99749965;47931554
59648;4.5230002403;119815;145258;660;477184;99984014;48006095
59776;4.5510001183;119717;144200;759;478208;100218105;48080657
59904;4.4730000496;120714;142037;845;479232;100452238;48157374
60032;4.4800000191;120248;144489;891;480256;100686412;48231953
60160;4.4930000305;121082;147948;788;481280;100920628;48308672
60288;4.5190000534;120857;148149;745;482304;101154886;48385407
60416;4.5680003166;121525;143820;806;483328;101389185;48464303
60544;4.5210003853;121129;144628;723;484352;101623525;48538898
60672;4.3289999962;122763;147812;847;485376;101857906;48615616
60800;4.2330002785;123045;146839;843;486400;102092329;48692352
60928;4.3080000877;123255;148721;728;487424;102326793;48771247
61056;4.2460002899;122995;147675;814;488448;102561297;48848001
61184;4.9540004730;124672;150401;12699;489472;102795843;48926895
61312;4.7720003128;124707;151355;941;490496;103030430;49005807
61440;4.6330003738;125130;147388;934;491520;103265057;49086878
61568;4.6600003242;125155;152232;976;492544;103499725;49159335
61696;4.5300002098;124176;155125;845;493568;103734433;49233876
61824;4.5340003967;125200;151544;912;494592;103969182;49308436
61952;4.4970002174;124772;154829;866;495616;104203971;49385156
62080;4.3970003128;126209;153918;719;496640;104438801;49459733
62208;4.4340000153;126243;151455;861;497664;104673670;49536451
62336;4.4739999771;126684;154784;872;498688;104908580;49613187
62464;4.3840003014;127041;155396;968;499712;105143530;49692083
62592;4.5780000687;127875;157294;965;500736;105378520;49766678
62720;4.5990004539;127801;160033;806;501760;105613550;49843396
62848;4.6040000916;127960;156940;803;502784;105848620;49920133
62976;4.4750003815;128158;157057;709;503808;106083730;49999027
63104;4.4850001335;127256;157664;665;504832;106318879;50075781
63232;4.4890003204;127400;157209;726;505856;106554067;50154675
63360;4.4360003471;127621;156734;928;506880;106789296;50233588
63488;4.4320001602;127824;165140;813;507904;107024563;50314658
63616;4.4610004425;128237;158546;755;508928;107259870;50389272
63744;4.4670000076;128906;159506;746;509952;107495217;50465990
63872;4.4150004387;129366;161231;789;510976;107730602;50542725
64000;4.4500002861;129087;158154;755;512000;107966026;50621621
64128;4.5700001717;129440;158253;840;513024;108201490;50698375
64256;4.6310000420;130592;162048;717;514048;108436992;50777270
64384;4.7320003510;129886;160529;733;515072;108672534;50856181
64512;4.6660003662;129459;161983;659;516096;108908114;50937252
64640;4.6160001755;129404;162824;829;517120;109143733;51014024
64768;4.6200003624;129694;163696;777;518144;109379390;51092918
64896;4.6090002060;130535;166189;921;519168;109615086;51171830
65024;4.5840001106;130080;162741;917;520192;109850821;51252901
65152;4.6280002594;130884;165871;787;521216;110086594;51331832
65280;4.6250000000;130246;164702;821;522240;110322405;51412901
65408;4.5909423828;131188;162903;827;523264;110558255;51493995
65536;4.6480002403;134013;164743;867;524288;110794142;51577236
65664;4.8130002022;133395;165942;880;525312;111030068;51707381
65792;4.5910000801;132984;168470;941;526336;111266032;51839524
65920;4.7280001640;133115;165331;780;527360;111502034;51971684
66048;4.5820002556;133466;166503;915;528384;111738074;52106003
66176;4.6290001869;133430;165908;575;529408;111974151;52238181
66304;4.6070003510;133538;167033;853;530432;112210266;52372499
66432;4.5920000076;134116;166890;783;531456;112446419;52506835
66560;4.6180000305;133993;166716;810;532480;112682610;52643330
66688;4.6810002327;135173;171858;891;533504;112918838;52775527
66816;4.7420001030;134657;168804;840;534528;113155103;52909844
66944;4.7440004349;136353;164922;869;535552;113391406;53044181
67072;4.7540001869;135812;168930;808;536576;113627747;53180675
67200;4.7030000687;135686;173386;879;537600;113864124;53315029
67328;4.6870002747;136442;173026;816;538624;114100539;53451523
67456;4.8120002747;136527;174948;944;539648;114336990;53588035
67584;4.7200002670;136562;174254;802;540672;114573479;53726706
67712;5.5280003548;137434;174313;14418;541696;114810005;53858920
67840;8.9540004730;138053;182282;14366;542720;115046567;53993239
67968;8.7970008850;139031;176997;690;543744;115283167;54127575
68096;5.2190003395;138401;174610;1077;544768;115519803;54264070
68224;5.2160000801;139166;176793;927;545792;115756476;54398423
68352;5.2230000496;139501;175426;851;546816;115993185;54534917
68480;5.0870003700;139890;176037;969;547840;116229931;54671430
68608;5.0530004501;139941;179735;928;548864;116466713;54810100
68736;4.9710001945;141235;175488;984;549888;116703532;54944472
68864;5.0030002594;140571;175303;878;550912;116940387;55080966
68992;4.9820003510;141107;175762;1014;551936;117177279;55217478
69120;5.0180001259;141427;178912;753;552960;117414206;55356150
69248;5.2040004730;141897;180919;995;553984;117651170;55492679
69376;5.9760003090;144222;180907;14461;555008;117888170;55631349
69504;6.1500000954;143007;185337;1125;556032;118125206;55770038
69632;5.3660001755;142601;186305;884;557056;118362277;55910885
69760;5.3840003014;143750;183297;966;558080;118599385;56043117
69888;5.3010001183;144939;186233;938;559104;118836529;56177434
70016;5.2060003281;144405;185652;993;560128;119073708;56311770
70144;5.1610002518;144484;189713;866;561152;119310923;56448266
70272;5.1160001755;144464;191285;832;562176;119548173;56582619
70400;5.1960000992;144815;188709;828;563200;119785459;56719113
70528;5.1710004807;145628;191626;954;564224;120022780;56855626
70656;5.3800001144;145263;194703;888;565248;120260137;56994296
70784;5.3100004196;145859;189094;847;566272;120497529;57128668
70912;5.2430000305;145944;192614;953;567296;120734957;57265162
71040;5.3350000381;147245;192780;898;568320;120972420;57401675
71168;5.3430004120;147328;193176;779;569344;121209918;57540345
71296;5.1910004616;147720;187156;914;570368;121447451;57676875
71424;5.2400002480;148261;192645;981;571392;121685019;57815546
71552;5.3470001221;150148;191279;959;572416;121922621;57954233
71680;5.3559570312;148224;190275;987;573440;122160259;58095086
71808;5.3580002785;150216;185228;2278;574464;122397932;58229470
71936;5.4690003395;149379;187284;1443;575488;122635640;58365965
72064;5.5110001564;150026;188589;1235;576512;122873382;58502477
72192;5.5380001068;150595;190363;992;577536;123111159;58641148
72320;5.4830002785;151052;191708;1026;578560;123348970;58777677
72448;5.4320001602;150296;191576;1072;579584;123586816;58916347
72576;5.4550004005;151010;189069;995;580608;123824697;59055035
72704;5.5580000877;151740;195471;942;581632;124062611;59195883
72832;5.4020004272;151978;193213;1065;582656;124300561;59332431
72960;5.4630002975;152239;190097;865;583680;124538544;59471100
73088;5.4930000305;153390;197818;762;584704;124776562;59609788
73216;5.3180003166;153983;189250;831;585728;125014614;59750635
73344;6.0680003166;153837;192652;15665;586752;125252700;59889341
73472;5.8770003319;153569;197064;1133;587776;125490820;60030188
73600;5.8170003891;154063;194167;1147;588800;125728974;60171052
73728;5.7330002785;154491;200329;1000;589824;125967162;60314074
73856;5.7160000801;154909;195150;860;590848;126205384;60446324
73984;6.1580004692;155586;193587;15747;591872;126443640;60580642
74112;8.8900003433;156216;207797;15681;592896;126681929;60714979
74240;8.8990001678;156161;196915;963;593920;126920252;60851474
74368;5.9540004730;155080;197708;1006;594944;127158609;60985827
74496;5.8600001335;155913;199502;992;595968;127397000;61122321
74624;5.7150001526;156129;202820;978;596992;127635424;61258832
74752;5.6960000992;155625;197948;920;598016;127873881;61397504
74880;5.7100000381;156808;198717;918;599040;128112372;61531876
75008;5.6760001183;156887;200239;934;600064;128350896;61668370
75136;5.7020001411;157439;199665;1013;601088;128589453;61804882
75264;5.7410001755;157268;203744;975;602112;128828044;61943553
75392;5.7410001755;159438;198784;1083;603136;129066668;62080084
75520;5.8320002556;158532;199997;1011;604160;129305325;62218754
75648;5.7970004082;158586;204715;908;605184;129544015;62357442
75776;5.8150000572;159447;205272;1012;606208;129782738;62498289
75904;5.8390002251;159858;202890;858;607232;130021494;62632679
76032;5.8020000458;160104;209289;979;608256;130260283;62769173
76160;5.8210000992;160323;203460;814;609280;130499105;62905685
76288;5.8320002556;160738;204103;1034;610304;130737960;63044356
76416;5.8490004539;161832;211229;956;611328;130976847;63180886
76544;5.8950004578;161688;206576;907;612352;131215767;63319556
76672;5.8600001335;163410;207400;1037;613376;131454720;63458244
76800;5.9800004959;162337;208223;975;614400;131693705;63599091
76928;5.9160003662;162926;207668;961;615424;131932723;63735639
77056;5.9380002022;163100;211403;1003;616448;132171773;63874309
77184;5.9080004692;163165;211133;1017;617472;132410855;64012997
77312;5.9640002251;163498;210749;1194;618496;132649970;64153844
77440;6.0540003777;163896;212240;924;619520;132889118;64292550
77568;6.0160002708;164103;211156;983;620544;133128297;64433395
77696;6.0510001183;164138;208712;1105;621568;133367509;64574259
77824;6.0640001297;164097;207182;1110;622592;133606753;64717282
77952;6.0470004082;166273;205775;952;623616;133846029;64851690
78080;6.1060004234;166560;212056;1268;624640;134085337;64988184
78208;6.1300001144;165711;212869;1086;625664;134324677;65124697
78336;6.1180005074;166245;211561;1013;626688;134564049;65263368
78464;6.1470003128;167105;217365;998;627712;134803453;65399898
78592;6.1960000992;167621;214498;1028;628736;135042888;65538568
78720;6.1750001907;167706;211579;966;629760;135282356;65677256
78848;6.1130003929;167471;213409;1033;630784;135521855;65818102
78976;6.1320004463;167892;215089;936;631808;135761386;65954650
79104;6.1510004997;167846;216257;1102;632832;136000948;66093320
79232;6.1130003929;169472;213756;1139;633856;136240542;66232008
79360;6.1420001984;169911;215966;1160;634880;136480168;66372856
79488;6.7480001450;169659;217700;16791;635904;136719825;66511561
79616;6.7770004272;169262;216371;1330;636928;136959513;66652408
79744;6.6010003090;169835;219524;1742;637952;137199233;66793271
79872;6.5550003052;169737;216706;1810;638976;137438984;66936295
80000;10.3730001450;170736;224699;17105;640000;137678766;67072861
80128;18.8280010223;171509;230093;17056;641024;137918580;67211533
80256;6.5810003281;170941;220079;1376;642048;138158425;67350219
80384;6.3240003586;172326;216140;1311;643072;138398301;67491065
80512;6.1650004387;172748;218557;1244;644096;138638208;67629771
80640;6.0890002251;172173;220413;1179;645120;138878146;67770617
80768;5.9730000496;173498;220771;993;646144;139118115;67911481
80896;5.9020004272;172461;220700;1121;647168;139358114;68054504
81024;5.8740000725;172936;222441;950;648192;139598145;68193228
81152;6.0830001831;173104;224539;1089;649216;139838207;68334074
81280;5.9650001526;173445;225204;972;650240;140078299;68474939
81408;5.8760004044;174876;221994;1146;651264;140318422;68617962
81536;5.9250001907;173800;226608;1024;652288;140558576;68758844
81664;5.9480004311;174616;222096;1148;653312;140798760;68901865
81792;5.9230003357;176060;225365;950;654336;141038975;69044905
81920;5.9520001411;176450;223836;980;655360;141279221;69190104
82048;5.9330000877;177784;224860;1042;656384;141519497;69322372
82176;6.0020003319;177258;224348;1102;657408;141759803;69456690
82304;6.0000004768;176602;227010;920;658432;142000140;69591026
82432;6.3040003777;176251;227511;995;659456;142240507;69727522
82560;6.0170001984;178046;224078;1062;660480;142480905;69861875
82688;6.0550003052;177651;224347;886;661504;142721333;69998369
82816;6.0720005035;178619;223986;1208;662528;142961790;70134881
82944;6.1400003433;177848;226031;1184;663552;143202279;70273552
83072;6.1480002403;178621;226853;1140;664576;143442797;70407924
83200;6.1190004349;178516;226900;1207;665600;143683345;70544424
83328;6.1190004349;178920;227374;1414;666624;143923923;70680930
83456;6.1210002899;179106;232055;1320;667648;144164532;70819601
83584;6.1400003433;180375;228741;1094;668672;144405170;70956133
83712;6.2500004768;181146;235582;1204;669696;144645838;71094802
83840;6.1930003166;181651;231042;1221;670720;144886536;71233490
83968;6.2380003929;180351;229733;1035;671744;145127263;71374336
84096;6.1990003586;181158;232316;1055;672768;145368021;71508726
84224;6.2530002594;181959;235455;1076;673792;145608808;71645221
84352;6.3150005341;182167;236167;1138;674816;145849625;71781732
84480;6.3150005341;181474;236669;1232;675840;146090471;71920404
84608;6.2080001831;182525;231934;1160;676864;146331347;72056933
84736;6.3540000916;182500;236086;1197;677888;146572253;72195603
84864;6.3130002022;182137;239236;1114;678912;146813188;72334291
84992;6.3510003090;182763;235807;1018;679936;147054152;72475139
85120;6.2790002823;184691;234516;1215;680960;147295146;72611687
85248;6.3790001869;183478;240943;965;681984;147536169;72750357
85376;6.1780004501;183930;237514;1131;683008;147777221;72889045
85504;6.1420001984;184495;237704;1062;684032;148018303;73029892
85632;6.1730003357;184643;238991;1198;685056;148259414;73168598
85760;6.1780004501;185669;235582;1050;686080;148500554;73309444
85888;6.2480001450;186341;236860;1082;687104;148741723;73450308
86016;7.4940004349;185542;245421;18141;688128;148982921;73593330
86144;7.1560001373;185274;243417;1199;689152;149224148;73727738
86272;6.8970003128;186908;245152;1368;690176;149465405;73864232
86400;6.6070003510;186266;241588;1189;691200;149706690;74000744
86528;6.4610004425;187391;237692;1058;692224;149948004;74139415
86656;6.3890004158;187309;244914;1417;693248;150189347;74275946
86784;6.2860002518;188169;241916;1172;694272;150430719;74414616
86912;6.2580003738;188950;241380;1371;695296;150672119;74553303
87040;6.3010001183;186783;241822;1136;696320;150913549;74694150
87168;6.2830004692;188639;242917;1256;697344;151155007;74830698
87296;6.3130002022;188432;245689;1385;698368;151396493;74969368
87424;6.3180003166;189233;246012;1196;699392;151638009;75108056
87552;8.0740003586;189519;252921;18494;700416;151879552;75248904
87680;8.2200002670;190166;245743;1280;701440;152121125;75387610
87808;6.8050003052;190211;248601;1345;702464;152362726;75528456
87936;6.6780004501;190300;245357;1122;703488;152604355;75669319
88064;6.5890002251;190001;248607;1298;704512;152846013;75812342
88192;6.5610003471;191982;246357;1288;705536;153087699;75948909
88320;6.6160001755;191331;250595;1268;706560;153329413;76087579
88448;6.7680001259;191109;252853;1368;707584;153571156;76226266
88576;6.5790004730;192723;251118;1505;708608;153812927;76367114
88704;7.4990005493;193625;254179;18495;709632;154054726;76505820
88832;7.2590003014;192437;254538;1451;710656;154296553;76646665
88960;6.9390001297;192788;260199;1340;711680;154538408;76787531
89088;6.7310004234;192080;256401;1614;712704;154780292;76930552
89216;6.6400003433;193321;258755;1305;713728;155022203;77069277
89344;6.6490001678;193536;259475;1390;714752;155264143;77210123
89472;6.6770005226;193705;256134;1408;715776;155506110;77350986
89600;6.7220001221;194349;261157;1240;716800;155748105;77494010
89728;6.6730003357;194773;259985;1168;717824;155990129;77634892
89856;6.6630001068;194472;261086;1131;718848;156232180;77777913
89984;6.6910004616;194972;264288;1347;719872;156474259;77920953
90112;6.6460003853;196544;255094;1320;720896;156716365;78066153
90240;6.7350001335;195898;262457;1170;721920;156958499;78200579
90368;6.7340002060;195830;261409;1446;722944;157200661;78337072
90496;6.7530002594;195893;266414;1471;723968;157442851;78473585
90624;6.7670001984;195972;262692;1483;724992;157685068;78612256
90752;6.7330002785;196842;259370;1388;726016;157927313;78748785
90880;6.7550001144;197458;268606;1423;727040;158169585;78887456
91008;6.6150002480;197611;265363;1309;728064;158411885;79026144
91136;6.7490005493;197674;266743;1111;729088;158654212;79166991
91264;6.6370000839;197451;260277;1631;730112;158896567;79303539
91392;6.6650004387;199268;269949;1425;731136;159138949;79442208
91520;6.6590003967;198746;262563;1365;732160;159381358;79580896
91648;6.7100005150;199273;273312;1448;733184;159623795;79721744
91776;6.6930003166;199803;273763;1440;734208;159866259;79860450
91904;6.7250003815;200176;261865;1355;735232;160108750;80001296
92032;6.7320003510;199412;268018;1352;736256;160351268;80142159
92160;6.7450003624;200298;264566;1293;737280;160593814;80285183
92288;6.7620000839;200459;267531;1289;738304;160836386;80421749
92416;6.7620000839;201497;269517;1127;739328;161078986;80560419
92544;6.7640004158;200975;275094;1377;740352;161321612;80699106
92672;7.9170002937;202100;273558;19651;741376;161564266;80839954
92800;7.5170001984;202468;268282;1549;742400;161806946;80978660
92928;7.0290002823;202040;271653;1697;743424;162049654;81119506
93056;7.1810002327;202532;276209;1463;744448;162292388;81260370
93184;6.8940005302;204552;275560;1358;745472;162535149;81403393
93312;6.8490004539;202811;270892;1229;746496;162777937;81542117
93440;6.8640003204;203607;276746;1180;747520;163020752;81682962
93568;6.8830003738;204637;275572;1448;748544;163263593;81823827
93696;6.8970003128;204331;278283;1288;749568;163506461;81966850
93824;6.9390001297;204265;272944;1337;750592;163749356;82107731
93952;6.9250001907;204535;275749;1493;751616;163992278;82250754
94080;7.0290002823;205102;279287;1442;752640;164235226;82393794
94208;7.0180001259;205087;281687;1507;753664;164478200;82538992
94336;6.9590001106;205914;277699;1531;754688;164721201;82675577
94464;6.9600005150;205291;277307;1374;755712;164964229;82814246
94592;7.1270003319;206035;279909;1583;756736;165207283;82952935
94720;7.2840003967;206425;280260;1384;757760;165450363;83093782
94848;7.1650004387;207563;276872;1517;758784;165693470;83232488
94976;7.1260004044;207192;282468;1228;759808;165936603;83373333
95104;7.1310005188;207954;280481;1371;760832;166179762;83514198
95232;7.2010002136;207607;281400;1351;761856;166422948;83657221
95360;7.1760001183;207830;278949;1381;762880;166666160;83795945
95488;7.1870002747;208616;282357;1515;763904;166909398;83936791
95616;7.1780004501;208788;281483;1551;764928;167152662;84077655
95744;7.1800003052;209061;281697;1473;765952;167395952;84220678
95872;7.1940002441;208746;281522;1354;766976;167639269;84361560
96000;7.0660004616;209164;285576;1584;768000;167882611;84504582
96128;7.1490001678;209094;279270;1470;769024;168125979;84647621
96256;7.0760002136;210018;285296;1479;770048;168369374;84792821
96384;7.1660003662;210057;283620;1595;771072;168612794;84931562
96512;7.1000003815;210143;285191;1462;772096;168856241;85072409
96640;7.1290001869;210587;285212;1491;773120;169099713;85213273
96768;7.2250003815;211415;285407;1411;774144;169343211;85356296
96896;7.1180005074;211137;293003;1442;775168;169586735;85497178
97024;7.1380004883;211282;287947;1423;776192;169830284;85640200
97152;7.1430001259;212645;290379;1180;777216;170073860;85783240
97280;7.1450004578;211926;287962;1400;778240;170317461;85928439
97408;7.1590003967;212848;291497;1364;779264;170561087;86069339
97536;7.1620001793;212686;291657;1176;780288;170804740;86212361
97664;7.1750001907;213059;285895;1496;781312;171048418;86355400
97792;7.2000002861;213686;289403;1173;782336;171292121;86500600
97920;8.3970003128;214567;293215;20751;783360;171535850;86643658
98048;8.1319999695;213382;292489;1688;784384;171779605;86788856
98176;7.5710005760;214578;296076;1624;785408;172023385;86934072
98304;7.3240003586;217253;288102;1354;786432;172267191;87081446
98432;7.2460002899;218254;291041;1680;787456;172511022;87152805
98560;7.2590003014;216879;290835;1536;788480;172754878;87226195
98688;7.3060002327;216994;294222;1316;789504;172998759;87299603
98816;7.3310003281;215083;293218;1813;790528;173242666;87375170
98944;7.2790002823;216875;296813;1315;791552;173486599;87448596
99072;7.3180003166;217976;297005;1458;792576;173730556;87524162
99200;13.8680009842;219225;288947;1702;793600;173974539;87599747
99328;7.3250002861;218459;284898;1670;794624;174218547;87677489
99456;7.3260002136;219845;284738;1468;795648;174462580;87750933
99584;7.3270001411;218769;284478;1564;796672;174706638;87826499
99712;7.3550004959;218764;286889;1557;797696;174950721;87902083
99840;7.4020004272;219350;292799;1581;798720;175194829;87979826
99968;7.5320005417;219867;285305;1580;799744;175438962;88055427
100096;7.4420003891;219959;290118;1365;800768;175683121;88133170
100224;7.4099731445;220248;292725;1413;801792;175927304;88210930
100352;7.3820004463;220995;291066;1160;802816;176171512;88290849
100480;7.4240002632;220640;299324;1597;803840;176415745;88364311
100608;7.4040002823;220886;290146;1465;804864;176660003;88439877
100736;7.4150004387;222147;289248;1456;805888;176904285;88515461
100864;7.4360003471;220499;294809;1600;806912;177148593;88593203
100992;7.4760003090;221798;298741;1647;807936;177392925;88668806
101120;7.6670002937;222691;294378;2036;808960;177637282;88746548
101248;7.6710004807;222767;299150;1577;809984;177881664;88824307
101376;7.7110004425;222464;304204;1477;811008;178126070;88904227
101504;7.7730002403;222879;301921;1410;812032;178370501;88979847
101632;7.7190003395;223528;307862;1393;813056;178614956;89057589
101760;7.7420005798;224395;307421;2276;814080;178859436;89135349
101888;7.5730004311;226503;308303;8173;815104;179103941;89215268
102016;7.9330005646;225376;310343;2971;816128;179348470;89293046
102144;7.7580003738;225619;310079;2399;817152;179593024;89372964
102272;7.8750004768;227122;314434;13276;818176;179837602;89452902
102400;7.9100003242;225897;309485;2680;819200;180082205;89534995
102528;8.8000001907;227335;308249;21242;820224;180326832;89608475
102656;8.6260004044;225663;311182;1877;821248;180571483;89684041
102784;8.1570005417;226073;311862;1874;822272;180816158;89759625
102912;7.9430003166;226763;311254;1622;823296;181060858;89837368
103040;7.6340003014;227044;316654;1728;824320;181305583;89912970
103168;7.6120004654;226211;313850;1447;825344;181550331;89990712
103296;9.1950006485;227370;318762;21854;826368;181795104;90068472
103424;8.6600008011;226604;315231;1447;827392;182039900;90148392
103552;8.4160003662;227524;315033;1877;828416;182284721;90224011
103680;7.9320001602;228255;316944;1788;829440;182529567;90301753
103808;9.3090000153;242015;318316;1605;830464;182774436;90379514
103936;7.6640005112;228333;311325;1761;831488;183019329;90459432
104064;7.6810002327;229345;316677;1571;832512;183264246;90537210
104192;7.6850004196;229326;315501;1775;833536;183509187;90617128
104320;7.8230004311;231932;313906;1755;834560;183754153;90697064
104448;7.6900005341;231310;312742;1680;835584;183999142;90779159
104576;7.8480005264;231310;316234;1604;836608;184244155;90854797
104704;7.7230005264;232560;316422;1642;837632;184489192;90932539
104832;7.8970003128;232059;320930;1819;838656;184734253;91010299
104960;7.8690004349;230407;319017;1888;839680;184979337;91090218
105088;8.0040006638;232388;318009;1893;840704;185224446;91167996
105216;7.8720002174;231833;319220;2173;841728;185469578;91247914
105344;7.8969726562;232865;323535;2094;842752;185714734;91327856
105472;7.9230003357;232442;322910;1613;843776;185959914;91409945
105600;7.9330005646;232476;328141;1840;844800;186205117;91487741
105728;7.9320001602;233906;321985;1759;845824;186450344;91567659
105856;7.9580001831;235368;318043;1530;846848;186695594;91647595
105984;7.9640002251;233271;327791;1895;847872;186940869;91729690
106112;7.9920005798;234456;327976;1854;848896;187186166;91809644
106240;7.9550004005;236501;322625;1689;849920;187431488;91891738
106368;7.9650001526;234845;326963;1515;850944;187676832;91973849
106496;7.9920005798;236203;327942;1678;851968;187922201;92058121
106624;8.0040006638;236672;322323;1809;852992;188167592;92131619
106752;7.9710001945;236310;329582;1243;854016;188413008;92207185
106880;8.0220003128;236803;335476;1428;855040;188658446;92282769
107008;8.0260000229;235881;331042;1547;856064;188903908;92360512
107136;8.0080003738;237474;331057;1575;857088;189149393;92436114
107264;7.8410005569;236607;327363;1606;858112;189394902;92513856
107392;7.8220005035;238297;328023;1794;859136;189640434;92591616
107520;7.8220005035;239070;328301;1894;860160;189885989;92671535
107648;9.2090005875;238977;349304;22777;861184;190131567;92747155
107776;9.1319999695;238618;333761;1875;862208;190377169;92824896
107904;8.3760004044;238736;326104;2020;863232;190622793;92902657
108032;8.1610002518;240479;330251;1603;864256;190868441;92982575
108160;7.9110002518;239363;326258;1763;865280;191114112;93060354
108288;7.9040002823;239880;330989;1699;866304;191359806;93140272
108416;7.9400005341;240138;334659;1927;867328;191605524;93220208
108544;9.2260007858;241201;333628;22821;868352;191851264;93302303
108672;18.4510002136;242881;340037;22904;869376;192097027;93377944
108800;12.5490007401;241092;335952;2119;870400;192342813;93455683
108928;8.1240005493;241365;330930;1887;871424;192588622;93533443
109056;7.9690003395;241672;334569;1677;872448;192834454;93613362
109184;7.9550004005;244064;337206;2278;873472;193080309;93691140
109312;7.9460005760;241321;336258;2021;874496;193326187;93771058
109440;8.1620006561;243572;337981;1608;875520;193572088;93850994
109568;7.9620003700;243204;337757;1718;876544;193818011;93933089
109696;7.9730005264;242730;335417;1552;877568;194063957;94010885
109824;7.9740004539;243432;340699;1506;878592;194309926;94090803
109952;8.0040006638;244914;337651;1794;879616;194555918;94170739
110080;8.0930004120;245034;336226;1425;880640;194801933;94252834
110208;8.0010004044;244783;341253;1749;881664;195047970;94332788
110336;7.9940004349;244886;337947;1514;882688;195294030;94414882
110464;8.2110004425;248405;341498;2299;883712;195540112;94496994
110592;8.2200002670;244987;339693;1991;884736;195786217;94581264
110720;8.2510004044;246178;341117;1661;885760;196032345;94656921
110848;8.1680002213;245743;342564;1435;886784;196278495;94734663
110976;8.1579999924;247024;343857;1604;887808;196524668;94812423
111104;7.9910001755;247704;342868;1420;888832;196770863;94892342
111232;7.9770002365;249823;340316;1679;889856;197017081;94970120
111360;8.2090005875;248403;340703;1727;890880;197263321;95050038
111488;8.1430006027;247941;344543;1862;891904;197509584;95129974
111616;8.0300006866;247529;347900;1591;892928;197755869;95212069
111744;8.0620002747;249012;339972;1663;893952;198002177;95289865
111872;9.9640007019;249265;342389;1963;894976;198248506;95369783
112000;8.0260000229;249689;349413;1714;896000;198494858;95449719
112128;8.0110006332;250214;350603;1954;897024;198741233;95531814
112256;8.0139999390;251891;341785;2051;898048;198987629;95611768
112384;8.0430002213;252006;342135;2001;899072;199234048;95693862
112512;8.0410003662;251305;348827;1765;900096;199480490;95775974
112640;8.0960006714;251384;351444;1867;901120;199726953;95860245
112768;8.0450000763;252418;346892;1742;902144;199973438;95938059
112896;8.0460004807;252169;344333;1775;903168;200219946;96017977
113024;8.0399999619;251967;347936;1624;904192;200466476;96097913
113152;8.0380001068;252416;350943;1806;905216;200713028;96180008
113280;8.0880002975;252929;352447;1663;906240;200959602;96259962
113408;8.0930004120;253941;349681;1642;907264;201206198;96342056
113536;8.0570001602;255205;353273;1378;908288;201452816;96424168
113664;8.0740003586;252672;348591;1645;909312;201699456;96508439
113792;8.0740003586;254781;350907;1624;910336;201946118;96588411
113920;9.1370000839;255779;356333;23934;911360;202192802;96670505
114048;8.5430002213;255516;352498;2231;912384;202439507;96752618
114176;8.3040008545;254399;356132;2086;913408;202686235;96836888
114304;8.2000007629;255778;351248;2075;914432;202932985;96919019
114432;8.0890007019;255854;357712;1973;915456;203179756;97003288
114560;8.0610008240;256437;355671;2020;916480;203426550;97087576
114688;8.1090002060;257436;357236;1850;917504;203673365;97174023
114816;8.1210002899;257734;357206;1785;918528;203920202;97247539
114944;8.1210002899;257928;353816;1770;919552;204167060;97323105
115072;8.2090005875;257232;356624;1695;920576;204413941;97398690
115200;8.1340007782;258728;356221;1822;921600;204660843;97476432
115328;8.1810007095;258474;355208;1604;922624;204907767;97552034
115456;8.1820001602;259910;359289;1576;923648;205154712;97629776
115584;8.1600008011;259364;360868;2023;924672;205401679;97707536
115712;8.1960000992;258708;360525;1831;925696;205648668;97787455
115840;8.2060003281;259301;363076;1947;926720;205895678;97863075
115968;8.2190008163;259971;359936;1645;927744;206142710;97940817
116096;8.1690006256;260565;360240;1673;928768;206389763;98018577
116224;8.2450008392;260731;362532;1732;929792;206636838;98098496
116352;8.2580003738;261369;363051;1929;930816;206883934;98176273
116480;8.2379999161;261735;371818;1831;931840;207131052;98256192
116608;8.2190008163;260852;367146;1904;932864;207378191;98336128
116736;8.2300004959;262064;360934;1739;933888;207625352;98418223
116864;8.2500000000;261584;362850;1708;934912;207872534;98493861
116992;9.6430006027;263650;357600;24728;935936;208119737;98571603
117120;9.6330003738;265316;354668;2165;936960;208366962;98649363
117248;8.3740005493;263019;361197;2479;937984;208614208;98729282
117376;8.2350006104;263671;359128;1870;939008;208861476;98807060
117504;8.0720005035;263593;359564;2109;940032;209108764;98886978
117632;7.9300003052;263156;366154;1991;941056;209356074;98966914
117760;8.0190000534;264961;359968;1763;942080;209603405;99049009
117888;8.0500001907;265647;363849;2282;943104;209850758;99126804
118016;8.0550003052;265469;363055;2183;944128;210098131;99206723
118144;8.0700006485;266307;359992;1988;945152;210345526;99286659
118272;8.0690002441;265729;364090;2280;946176;210592942;99368754
118400;8.0729999542;266849;362482;2443;947200;210840379;99448708
118528;8.1240005493;266488;358590;2080;948224;211087837;99530802
118656;7.9310002327;266681;365829;2222;949248;211335316;99612914
118784;7.9250001907;266336;369624;2234;950272;211582816;99697185
118912;8.0500001907;268514;362420;2053;951296;211830338;99772841
119040;7.9550004005;269284;362412;2983;952320;212077880;99850583
119168;9.7780008316;268309;368383;25080;953344;212325443;99928343
119296;16.3600006104;268746;373848;25034;954368;212573027;100008264
119424;12.4620008469;269930;370346;2872;955392;212820632;100086041
119552;8.5740003586;271576;367487;1915;956416;213068258;100165958
119680;8.4760007858;269147;365573;2240;957440;213315905;100245894
119808;8.4300003052;269791;368273;1552;958464;213563573;100327989
119936;8.4560003281;271002;371767;2096;959488;213811261;100405785
120064;8.4800004959;270744;370576;2131;960512;214058971;100485704
120192;8.4689331055;269770;372926;1915;961536;214306701;100565639
120320;8.4530000687;272357;364206;1729;962560;214554452;100647734
120448;8.4470005035;273588;366969;1994;963584;214802224;100727688
120576;8.5020008087;272623;378526;2123;964608;215050016;100809782
120704;8.4739999771;273630;372638;2121;965632;215297830;100891894
120832;8.4930000305;273013;370275;1905;966656;215545664;100976165
120960;8.4620008469;274774;370966;1978;967680;215793518;101053979
121088;8.4750003815;274363;370958;1970;968704;216041393;101133897
121216;8.5040006638;273262;376540;1804;969728;216289289;101213833
121344;8.5060005188;276745;372148;1914;970752;216537206;101295928
121472;9.9120006561;277174;373035;24929;971776;216785143;101375882
121600;9.2630004883;278263;367275;2093;972800;217033100;101457976
121728;8.7800006866;276202;374636;2193;973824;217281079;101540089
121856;8.5880002975;275226;374891;2163;974848;217529077;101624359
121984;8.4130001068;277371;378782;2088;975872;217777096;101704331
122112;8.4640007019;277886;376976;1988;976896;218025136;101786425
122240;8.5480003357;279321;382024;1920;977920;218273196;101868539
122368;8.4890003204;279430;378096;2038;978944;218521277;101952810
122496;8.5130004883;280484;379459;2274;979968;218769377;102034940
122624;8.4760007858;277668;380315;2036;980992;219017499;102119208
122752;8.5240001678;280341;382833;2203;982016;219265640;102203496
122880;8.5020008087;279995;380889;1928;983040;219513803;102289943
123008;8.5860004425;280838;381823;2081;984064;219761985;102365617
123136;8.6070003510;281186;388315;1886;985088;220010188;102443360
123264;8.3320007324;284052;375517;2398;986112;220258410;102521120
123392;11.0900001526;281526;386400;26020;987136;220506654;102601039
123520;10.8660001755;284020;385288;2206;988160;220754917;102678818
123648;8.6130008698;283159;385903;2437;989184;221003201;102758735
123776;11.1440000534;282802;387193;26216;990208;221251505;102838671
123904;11.1850004196;282469;386221;2708;991232;221499829;102920766
124032;11.2260007858;285827;381579;2491;992256;221748173;102998562
124160;8.7690000534;285320;389989;2333;993280;221996537;103078480
124288;10.7890005112;312727;482657;25241;994304;222244922;103158418
124416;9.1090002060;286559;384567;3405;995328;222493326;103240510
124544;8.9820003510;285453;390998;2345;996352;222741751;103320465
124672;8.6890001297;286977;385845;2203;997376;222990195;103402558
124800;8.7140007019;284880;389229;2374;998400;223238660;103484676
124928;8.7309999466;286781;390237;2284;999424;223487145;103568941
125056;8.7010002136;288278;385354;1923;1000448;223735650;103646756
125184;8.7610006332;288855;387265;1824;1001472;223984174;103726673
125312;8.7180004120;289822;388109;2034;1002496;224232719;103806609
125440;8.7470006943;288582;393141;2199;1003520;224481283;103888704
125568;8.8040008545;290687;387877;2176;1004544;224729868;103968658
125696;8.7720003128;290202;396929;2259;1005568;224978472;104050752
125824;8.7720003128;290495;402490;2542;1006592;225227097;104132864
125952;8.7860002518;291051;402799;2699;1007616;225475741;104217135
126080;8.8340005875;291217;403724;2368;1008640;225724404;104297108
126208;8.7770004272;290454;398679;2364;1009664;225973088;104379201
126336;8.8240003586;285991;407278;2316;1010688;226221792;104461313
126464;8.8350000381;287132;406655;2257;1011712;226470515;104545585
126592;8.7730007172;290733;403761;2099;1012736;226719258;104627714
126720;8.8250007629;287336;406559;2264;1013760;226968021;104711984
126848;8.8550004959;289031;401788;2191;1014784;227216803;104796273
126976;8.8660001755;288334;407626;2075;1015808;227465605;104882719
127104;8.8470001221;292445;403919;1967;1016832;227714427;104960551
127232;8.8430004120;292160;410477;2042;1017856;227963269;105040469
127360;8.8530006409;290312;407113;1845;1018880;228212130;105120405
127488;8.8260002136;289792;412431;1986;1019904;228461010;105202501
127616;8.8060007095;293067;404869;2147;1020928;228709911;105282454
127744;8.7640008926;292280;401045;2237;1021952;228958831;105364548
127872;8.9580001831;293071;408548;3037;1022976;229207770;105446660
128000;12.0210008621;290462;439725;27773;1024000;229456729;105530932
