array_size;time_spent(s);PAPI_L1_TCM;PAPI_L2_TCM;PAPI_L3_TCM;DATA_BYTES;NUM_INSTRUCTIONS;PAPI_TOT_INS
2048;0.2520000041;543;916;607;16384;1468006400;779146
2176;0.3130000234;535;896;77;17408;1657241600;820309
2304;0.3390000165;605;1046;687;18432;1857945600;892466
2432;0.3460000157;611;1029;34;19456;2070118400;918713
2560;0.2420000136;624;1008;76;20480;2293760000;958068
2688;0.2100000083;641;1129;91;21504;2528870400;1050256
2816;0.2350000143;665;1214;81;22528;2775449600;1181228
2944;0.2310000062;644;1137;76;23552;3033497600;1150234
3072;0.2380000055;677;1184;65;24576;3303014400;1193589
3200;0.2450000048;681;1257;49;25600;3584000000;1262167
3328;0.2520000041;711;1214;41;26624;3876454400;1296888
3456;0.2630000114;744;1182;55;27648;4180377600;1363125
3584;0.2870000005;807;1446;54;28672;4495769600;1431479
3712;0.3680000305;792;1330;954;29696;4822630400;1461311
3840;0.4120000303;849;1500;34;30720;5160960000;1672166
3968;0.4040000141;904;1487;105;31744;5510758400;1624846
4096;0.3950000107;875;1575;62;32768;5872025600;1580611
4224;0.3550000191;968;1587;63;33792;6244761600;1667185
4352;0.3420000076;957;1578;104;34816;6628966400;1714431
4480;0.3520000279;1146;1590;70;35840;7024640000;1832986
4608;0.3580000103;1350;1641;40;36864;7431782400;1861444
4736;0.4230000079;1617;2590;98;37888;7850393600;1904034
4864;0.3710000217;1473;1760;81;38912;8280473600;1924168
4992;0.3790000081;1163;1737;36;39936;8722022400;1974111
5120;0.3970000148;1400;1912;63;40960;9175040000;2071555
5248;0.4040000141;1325;1924;95;41984;9639526400;2110278
5376;0.4120000303;1341;1850;83;43008;10115481600;2144711
5504;0.4340000153;1662;1997;132;44032;10602905600;2200766
5632;0.4370000064;1469;1929;63;45056;11101798400;2283626
5760;0.4430000186;1490;2078;128;46080;11612160000;2300205
5888;0.4580000341;1958;1995;118;47104;12133990400;2389214
6016;0.4800000191;1602;1981;31;48128;12667289600;2518852
6144;0.4850000143;2154;2162;87;49152;13212057600;2545021
6272;0.5010000467;2344;2145;99;50176;13768294400;2625359
6400;0.5020000339;2013;2247;70;51200;14336000000;2643721
6528;0.4870000184;2038;2132;58;52224;14915174400;2616699
6656;0.5139999986;2368;2436;87;53248;15505817600;2737654
6784;0.5330000520;2488;2257;106;54272;16107929600;2778348
6912;0.5440000296;2254;2370;90;55296;16721510400;2842412
7040;0.5580000281;2003;2352;118;56320;17346560000;2898194
7168;0.5790000558;2177;2492;54;57344;17983078400;2980225
7296;0.5509999990;2311;2482;71;58368;18631065600;2979764
7424;0.5660000443;2719;2431;112;59392;19290521600;3061805
7552;0.5930000544;3449;2528;105;60416;19961446400;3207829
7680;0.6090000272;2610;2496;88;61440;20643840000;3217930
7808;0.6250000000;3229;2512;167;62464;21337702400;3274047
7936;0.6120000482;2623;2546;62;63488;22043033600;3215947
8064;0.6610000134;4461;2602;98;64512;22759833600;3477131
8192;0.6950000525;3989;3190;59;65536;23488102400;3619036
8320;0.6790000200;3873;2785;80;66560;24227840000;3580192
8448;0.6820000410;3296;2786;105;67584;24979046400;3599211
8576;0.7070000172;3263;2924;199;68608;25741721600;3617533
8704;0.7000000477;2971;2877;119;69632;26515865600;3673198
8832;0.7090000510;3900;2853;125;70656;27301478400;3729600
8960;0.7050000429;3076;2908;126;71680;28098560000;3667881
9088;0.7410000563;3804;3036;130;72704;28907110400;3893788
9216;0.7310000062;3695;2839;57;73728;29727129600;3843065
9344;0.7630000114;4262;3088;107;74752;30558617600;3976678
9472;0.7470000386;3547;3156;135;75776;31401574400;3930703
9600;0.7410000563;3572;3099;139;76800;32256000000;3888449
9728;0.8060000539;5120;3156;194;77824;33121894400;4212972
9856;0.7920000553;3662;3280;112;78848;33999257600;4169379
9984;0.7920000553;4245;3248;148;79872;34888089600;4164575
10112;0.8160000443;4131;3459;170;80896;35788390400;4273712
10240;0.8120000362;3974;3270;94;81920;36700160000;4261897
10368;0.8300000429;4290;3311;81;82944;37623398400;4381803
10496;0.8420000672;4791;3397;175;83968;38558105600;4448512
10624;0.8780000210;4128;3441;138;84992;39504281600;4553681
10752;0.9090000391;7310;3868;76;86016;40461926400;4773812
10880;0.8610000610;4456;3385;135;87040;41431040000;4538463
11008;0.8730000257;4134;3826;145;88064;42411622400;4585533
11136;0.8920000196;4916;3558;64;89088;43403673600;4706994
11264;0.9410000443;4658;3588;179;90112;44407193600;4988671
11392;0.9590000510;5647;4483;154;91136;45422182400;4932315
11520;0.9210000634;4594;3551;157;92160;46448640000;4850988
11648;0.9770000577;6929;3816;145;93184;47486566400;5145889
11776;0.9600000381;6131;3659;105;94208;48535961600;5094132
11904;0.9740000367;5109;3769;89;95232;49596825600;5076400
12032;0.9570000172;5152;4092;142;96256;50669158400;5051237
12160;1.0540000200;8516;3829;109;97280;51752960000;5607221
12288;0.9800000191;4824;4330;170;98304;52848230400;5170895
12416;0.9920000434;5590;4274;160;99328;53954969600;5228167
12544;1.0350000858;7414;4666;150;100352;55073177600;5440914
12672;1.0270000696;6351;3962;144;101376;56202854400;5411579
12800;1.0540000200;6001;5003;210;102400;57344000000;5536426
12928;1.0480000973;6236;4152;192;103424;58496614400;5528687
13056;1.0920000076;7076;5648;167;104448;59660697600;5676057
13184;1.1050000191;7700;4030;92;105472;60836249600;5853530
13312;1.1100000143;7801;4945;208;106496;62023270400;5825373
13440;1.0860000849;5696;4162;137;107520;63221760000;5719249
13568;1.1170001030;7176;4831;186;108544;64431718400;5873798
13696;1.1590000391;8000;4115;215;109568;65653145600;6130644
13824;1.1370000839;7692;5447;126;110592;66886041600;6011322
13952;1.1470000744;7540;4358;151;111616;68130406400;6074092
14080;1.1600000858;6698;4965;102;112640;69386240000;6136563
14208;1.1820000410;8087;5475;175;113664;70653542400;6275121
14336;1.1440000534;7495;5902;141;114688;71932313600;6207477
14464;1.2050000429;9470;4685;102;115712;73222553600;6557005
14592;1.1620000601;6148;4577;176;116736;74524262400;6316889
14720;1.1320000887;6877;4987;207;117760;75837440000;6343816
14848;1.1540000439;8262;5357;153;118784;77162086400;6497728
14976;1.1450001001;6502;5206;158;119808;78498201600;6415889
15104;1.4330000877;7830;4729;3265;120832;79845785600;6584228
15232;1.4040000439;6835;4983;205;121856;81204838400;6462402
15360;1.4570000172;7876;5252;211;122880;82575360000;6710366
15488;1.3840000629;12000;7037;3342;123904;83957350400;7103949
15616;1.3520001173;10339;4893;201;124928;85350809600;6934453
15744;1.3350000381;8005;6031;224;125952;86755737600;6705777
15872;1.3650000095;7250;5087;94;126976;88172134400;7009884
16000;1.2800000906;7667;5361;158;128000;89600000000;6766795
16128;1.3860000372;10100;7449;87;129024;91039334400;7133916
16256;1.3600000143;9650;5010;124;130048;92490137600;7200738
16384;1.3540000916;9389;6707;167;131072;93952409600;7152645
16512;1.3330000639;9138;5361;165;132096;95426150400;7230278
16640;1.3490000963;10318;5127;123;133120;96911360000;7385021
16768;1.4100000858;9605;8417;222;134144;98408038400;7535753
16896;1.3800001144;10436;5440;310;135168;99916185600;7572621
17024;1.3170000315;7844;5224;183;136192;101435801600;7440460
17152;1.3660000563;9298;6034;101;137216;102966886400;7400819
17280;1.4130001068;10324;5611;259;138240;104509440000;7790817
17408;1.3970000744;10626;8236;174;139264;106063462400;7844144
17536;1.3560000658;10902;6166;162;140288;107628953600;7652304
17664;1.3570001125;9153;5687;170;141312;109205913600;7661949
17792;1.3980001211;9781;5882;144;142336;110794342400;7900180
17920;1.4170000553;10303;6951;244;143360;112394240000;7995736
18048;1.4650000334;10432;6257;326;144384;114005606400;7984844
18176;1.4260001183;9051;5771;198;145408;115628441600;7748830
18304;1.4390000105;11090;7164;251;146432;117262745600;8111008
18432;1.4370000362;10464;5643;115;147456;118908518400;8100976
18560;1.4510000944;9785;6182;109;148480;120565760000;7994805
18688;1.5330001116;13286;7194;202;149504;122234470400;8670749
18816;1.4680000544;11045;6220;145;150528;123914649600;8305066
18944;1.4520000219;9488;7160;192;151552;125606297600;8165178
19072;1.5400000811;9976;7005;357;152576;127309414400;8388093
19200;1.5350000858;12693;6649;359;153600;129024000000;8661289
19328;1.5660001040;9984;6158;227;154624;130750054400;8480581
19456;1.5660001040;10997;8014;187;155648;132487577600;8567791
19584;1.5900000334;12703;7484;230;156672;134236569600;8655233
19712;1.6750000715;10280;7067;298;157696;135997030400;8548983
19840;1.6250001192;12865;7868;147;158720;137768960000;8887818
19968;1.6830000877;12270;7274;132;159744;139552358400;8899901
20096;1.7800000906;13146;7094;92;160768;141347225600;9187639
20224;1.6640000343;11073;9121;151;161792;143153561600;8787004
20352;1.7310000658;12823;7316;127;162816;144971366400;9243182
20480;1.7230000496;11813;7837;198;163840;146800640000;9126104
20608;1.7570000887;12272;7312;187;164864;148641382400;9326215
20736;1.7930001020;15483;8544;186;165888;150493593600;9545781
20864;1.6990001202;10883;7691;110;166912;152357273600;9000609
20992;1.7060000896;10588;7404;129;167936;154232422400;8987943
21120;1.8090001345;14005;10224;196;168960;156119040000;9463648
21248;1.7630001307;12586;7806;184;169984;158017126400;9356696
21376;1.8030000925;13551;7842;212;171008;159926681600;9586302
21504;1.8110001087;12992;7493;122;172032;161847705600;9620543
21632;1.8680000305;16653;10262;228;173056;163780198400;9957668
21760;1.8460000753;12403;11150;130;174080;165724160000;9584748
21888;1.8660000563;14116;7983;156;175104;167679590400;9890777
22016;1.8430000544;13152;10113;227;176128;169646489600;9784445
22144;1.9080001116;16088;10643;146;177152;171624857600;10139713
22272;1.9520001411;16351;7812;245;178176;173614694400;10341318
22400;1.8660000563;13159;10089;181;179200;175616000000;9904155
22528;1.9200000763;14751;8400;357;180224;177628774400;10187811
22656;1.8030000925;11461;8647;205;181248;179653017600;9841922
22784;1.9670001268;12365;9534;258;182272;181688729600;10207852
22912;1.8620001078;13730;11230;91;183296;183735910400;10191694
23040;1.8720000982;13433;8477;242;184320;185794560000;10270951
23168;1.8600001335;13540;8830;221;185344;187864678400;10160848
23296;1.9050000906;14828;11031;217;186368;189946265600;10334002
23424;1.9290001392;13573;8375;183;187392;192039321600;10604682
23552;1.9570001364;13832;10631;211;188416;194143846400;10439617
23680;1.9830000401;14371;9797;199;189440;196259840000;10504142
23808;2.0559999943;16021;11889;108;190464;198387302400;10648003
23936;2.0320000648;16505;10621;243;191488;200526233600;10811917
24064;2.0580000877;15195;9922;207;192512;202676633600;10694840
24192;2.0230000019;14436;9143;180;193536;204838502400;10766467
24320;2.1030001640;16245;8130;215;194560;207011840000;11205177
24448;2.0140001774;13715;9819;222;195584;209196646400;10689733
24576;2.1030001640;16972;9463;225;196608;211392921600;11220765
24704;2.0510001183;13709;11443;237;197632;213600665600;10878132
24832;2.0420000553;14677;8921;193;198656;215819878400;10899141
24960;2.0600001812;14908;8910;148;199680;218050560000;10991306
25088;2.0290000439;15608;8127;223;200704;220292710400;11283862
25216;2.0980000496;15156;11324;216;201728;222546329600;11150808
25344;2.0789999962;15283;11709;172;202752;224811417600;11356629
25472;2.0270001888;16258;12473;149;203776;227087974400;11530447
25600;2.0970001221;19889;13713;217;204800;229376000000;11889455
25728;2.1100001335;19092;10834;245;205824;231675494400;11715301
25856;2.1380000114;21233;10354;204;206848;233986457600;12142871
25984;2.0510001183;16999;9432;167;207872;236308889600;11606248
26112;2.1200001240;19258;11504;187;208896;238642790400;11986917
26240;2.1270000935;17338;9049;272;209920;240988160000;12059470
26368;2.0710000992;16800;13375;178;210944;243344998400;11717816
26496;2.0740001202;15367;11562;313;211968;245713305600;11792825
26624;2.1340000629;18499;10589;200;212992;248093081600;12120742
26752;2.1950001717;19266;12884;211;214016;250484326400;12313439
26880;2.1320002079;17499;9941;160;215040;252887040000;12084636
27008;2.1590001583;16429;9490;214;216064;255301222400;12251681
27136;2.2330000401;20896;9087;173;217088;257726873600;12699052
27264;2.1690001488;19330;10629;245;218112;260163993600;12389318
27392;2.1530001163;16990;11545;289;219136;262612582400;12175630
27520;2.2500000000;22108;10212;339;220160;265072640000;12770480
27648;2.2020001411;16113;13602;213;221184;267544166400;12200276
27776;2.3150000572;22740;15728;183;222208;270027161600;13082167
27904;2.2780001163;19289;16582;334;223232;272521625600;12709075
28032;2.2580001354;18800;12437;338;224256;275027558400;12775184
28160;2.3130002022;21677;15406;221;225280;277544960000;13107010
28288;2.3040001392;20235;17055;312;226304;280073830400;13016373
28416;2.2810001373;18997;13107;266;227328;282614169600;12803149
28544;2.3440001011;21894;13745;374;228352;285165977600;13299139
28672;2.3730001450;24152;13604;247;229376;287729254400;13466709
28800;2.3630001545;22646;13143;282;230400;290304000000;13513055
28928;2.3120000362;19399;14501;190;231424;292890214400;13164929
29056;2.3470001221;21305;13676;190;232448;295487897600;13423641
29184;2.3410000801;19031;12887;236;233472;298097049600;13394254
29312;2.3600001335;20583;17189;195;234496;300717670400;13353769
29440;2.2990000248;18330;15035;323;235520;303349760000;13012679
29568;2.3950002193;22085;17178;194;236544;305993318400;13574995
29696;2.4330000877;22563;15852;210;237568;308648345600;13820368
29824;2.3880000114;19472;21529;196;238592;311314841600;13532078
29952;2.3700001240;20817;12476;319;239616;313992806400;13445819
30080;2.4750001431;24954;19234;198;240640;316682240000;14214491
30208;2.5140001774;25645;19765;174;241664;319383142400;14274724
30336;2.4150002003;21258;14375;202;242688;322095513600;13842917
30464;2.6140000820;29576;19926;347;243712;324819353600;14947432
30592;2.4320001602;19206;12605;209;244736;327554662400;13694842
30720;2.4750001431;21338;17153;344;245760;330301440000;14210936
30848;2.7230000496;23246;13908;414;246784;333059686400;13626748
30976;2.4740002155;24047;15142;194;247808;335829401600;14389758
31104;2.3860001564;20203;12444;267;248832;338610585600;13898973
31232;2.3890001774;18181;13136;294;249856;341403238400;13909027
31360;2.4460000992;21325;12296;273;250880;344207360000;14326723
31488;2.3990001678;21399;13152;121;251904;347022950400;14080699
31616;2.4810001850;23974;13230;271;252928;349850009600;14570366
31744;2.5640001297;24971;14355;274;253952;352688537600;14839595
31872;2.5020000935;22265;13999;449;254976;355538534400;14572311
32000;2.5310001373;23524;14193;368;256000;358400000000;14723039
32128;2.4950001240;22258;16654;331;257024;361272934400;14465075
32256;2.5260000229;23877;16935;361;258048;364157337600;14837974
32384;2.5060000420;23032;19260;284;259072;367053209600;14683601
32512;2.6230001450;28382;17866;103;260096;369960550400;15484522
32640;2.6400001049;26597;22357;272;261120;372879360000;15398147
32768;2.5180001259;22177;15058;158;262144;375809638400;14958684
32896;2.4610002041;21805;19820;303;263168;378751385600;14747707
33024;2.5310001373;24963;18295;307;264192;381704601600;15460017
33152;2.4950001240;23580;19623;220;265216;384669286400;15216955
33280;2.5350000858;23028;15686;275;266240;387645440000;15404578
33408;2.5530002117;23444;20762;213;267264;390633062400;15309692
33536;2.6390001774;29156;19037;219;268288;393632153600;15918283
33664;2.5760002136;23379;18262;283;269312;396642713600;15316532
33792;2.5310001373;23766;15571;288;270336;399664742400;15469146
33920;2.5020000935;20903;17883;233;271360;402698240000;15172780
34048;2.6380000114;24201;18715;295;272384;405743206400;15685721
34176;2.5670001507;24260;20215;345;273408;408799641600;15653098
34304;2.5610001087;22032;17678;294;274432;411867545600;15262394
34432;2.6210000515;23960;22518;324;275456;414946918400;15459589
34560;2.7050001621;27102;21759;216;276480;418037760000;16245056
34688;2.6910002232;26182;21059;250;277504;421140070400;16035871
34816;2.7040002346;23577;14723;330;278528;424253849600;15853384
34944;8.4770002365;24042;17964;7465;279552;427379097600;15943298
35072;4.8530001640;22690;18984;7656;280576;430515814400;15737584
35200;3.5970001221;28985;20621;345;281600;433664000000;16572918
35328;3.0190000534;23399;19416;359;282624;436823654400;16008949
35456;3.0590002537;25943;15532;365;283648;439994777600;16273960
35584;3.0680000782;24927;19871;271;284672;443177369600;16335402
35712;3.0500001907;30234;16616;284;285696;446371430400;17180767
35840;2.8640000820;27976;20976;227;286720;449576960000;16739834
35968;2.8930001259;27766;20478;288;287744;452793958400;16570482
36096;2.9060001373;25295;15193;314;288768;456022425600;16632856
36224;2.9060001373;22864;16460;230;289792;459262361600;16545511
36352;2.9100000858;24068;16960;312;290816;462513766400;16519177
36480;2.9560000896;27001;23607;362;291840;465776640000;16852251
36608;4.1110000610;28385;17681;8013;292864;469050982400;16901188
36736;4.7510004044;31882;16768;507;293888;472336793600;17193625
36864;4.8430004120;31322;23866;516;294912;475634073600;17511554
36992;3.6980001926;25141;23068;489;295936;478942822400;17083337
37120;3.1490001678;30539;26082;389;296960;482263040000;17657011
37248;3.0010001659;26692;19628;267;297984;485594726400;17160884
37376;3.0530002117;29281;24385;158;299008;488937881600;17581465
37504;2.9970002174;32003;18670;311;300032;492292505600;17841618
37632;2.9300000668;30410;27006;209;301056;495658598400;17646006
37760;2.9450001717;29196;21833;276;302080;499036160000;17543452
37888;2.9500000477;26595;19099;336;303104;502425190400;17201604
38016;2.9580001831;29192;20095;352;304128;505825689600;17673082
38144;3.0740001202;29560;18714;352;305152;509237657600;18159820
38272;3.0930001736;31059;24389;212;306176;512661094400;17915887
38400;2.9560000896;27669;24669;324;307200;516096000000;17668373
38528;3.1220002174;29415;18365;304;308224;519542374400;18171150
38656;3.0130002499;30370;19488;289;309248;523000217600;18043559
38784;3.0080001354;27994;28398;200;310272;526469529600;17871032
38912;3.0720000267;33451;21613;382;311296;529950310400;18266158
39040;3.2000000477;31775;24776;335;312320;533442560000;18536997
39168;3.0340001583;27395;18839;322;313344;536946278400;18020493
39296;3.0410001278;30303;22203;361;314368;540461465600;18275178
39424;3.0710000992;31246;20890;369;315392;543988121600;18458541
39552;3.1180000305;26100;19173;256;316416;547526246400;18056665
39680;3.2000000477;28422;20057;388;317440;551075840000;18345586
39808;3.1130001545;28580;24128;445;318464;554636902400;18227083
39936;3.2410001755;32264;26349;461;319488;558209433600;18858158
40064;3.3160002232;34217;27999;275;320512;561793433600;19158984
40192;3.2040002346;31169;25137;321;321536;565388902400;18710965
40320;3.0920002460;28279;24161;185;322560;568995840000;18295058
40448;3.3300001621;40416;32223;362;323584;572614246400;19905390
40576;3.3590002060;32360;23551;252;324608;576244121600;19075142
40704;3.3120002747;29713;23189;394;325632;579885465600;18664585
40832;3.3720002174;30272;23424;355;326656;583538278400;19033229
40960;3.4420001507;32548;26121;325;327680;587202560000;19210963
41088;3.2470002174;31502;24019;350;328704;590878310400;19010744
41216;3.3730001450;35720;33609;251;329728;594565529600;19767309
41344;3.2300002575;27087;21683;298;330752;598264217600;18807389
41472;3.2340002060;30461;25552;229;331776;601974374400;19203308
41600;3.3540000916;34245;21000;277;332800;605696000000;19636534
41728;3.4270000458;33957;27668;349;333824;609429094400;19720442
41856;3.3240001202;33381;25176;292;334848;613173657600;19783952
41984;3.2700002193;31628;25096;387;335872;616929689600;19366396
42112;3.3550002575;34507;26629;347;336896;620697190400;19939194
42240;3.3460001945;32326;23397;288;337920;624476160000;19731067
42368;3.4360001087;37763;29934;223;338944;628266598400;20382401
42496;3.3580002785;30452;24362;180;339968;632068505600;19727139
42624;3.4930002689;39495;32509;245;340992;635881881600;20735252
42752;3.2390000820;27251;23370;287;342016;639706726400;19028404
42880;3.3020000458;29062;23815;291;343040;643543040000;19543956
43008;3.5120000839;39961;33426;217;344064;647390822400;20764184
43136;3.3980002403;32096;24442;356;345088;651250073600;19875819
43264;3.4410002232;33991;34130;205;346112;655120793600;20291806
43392;3.4280002117;30639;23573;310;347136;659002982400;20247216
43520;3.3870000839;33412;24957;383;348160;662896640000;20392668
43648;3.4480001926;36939;31531;264;349184;666801766400;20722704
43776;3.4410002232;36822;26952;196;350208;670718361600;20620294
43904;3.6490001678;46889;38177;289;351232;674646425600;22110999
44032;3.4350001812;33917;25925;266;352256;678585958400;20284764
44160;3.3560001850;31549;24002;212;353280;682536960000;20262814
44288;3.5040001869;41050;29202;276;354304;686499430400;21509948
44416;3.3570001125;30689;26215;311;355328;690473369600;20249000
44544;3.3880002499;32894;23502;226;356352;694458777600;20618246
44672;3.5570001602;41362;36893;432;357376;698455654400;21490188
44800;3.5060002804;35017;32804;400;358400;702464000000;20811352
44928;3.5180001259;38325;31150;468;359424;706483814400;21226302
45056;3.6360001564;42350;33621;350;360448;710515097600;21893995
45184;3.5220000744;36331;27016;464;361472;714557849600;21174083
45312;3.6150002480;35559;28339;590;362496;718612070400;21149159
45440;5.4700002670;33591;26236;9679;363520;722677760000;21052420
45568;5.4190001488;35981;29942;509;364544;726754918400;21419737
45696;4.0900001526;33393;22304;9780;365568;730843545600;21032489
45824;4.2410001755;40002;34127;766;366592;734943641600;21921469
45952;4.2230000496;39167;33638;611;367616;739055206400;22013383
46080;3.9090001583;33971;25761;444;368640;743178240000;21365508
46208;3.9750001431;48359;45547;260;369664;747312742400;23015415
46336;3.8340001106;40202;34669;310;370688;751458713600;22130319
46464;3.6270000935;36159;34106;206;371712;755616153600;21759581
46592;3.6070001125;35044;27153;216;372736;759785062400;21744556
46720;3.6230001450;34542;28346;545;373760;763965440000;21682016
46848;3.6690001488;35308;31873;497;374784;768157286400;21769127
46976;3.6870002747;34439;30379;373;375808;772360601600;21561889
47104;3.8000001907;42699;34667;410;376832;776575385600;22688148
47232;3.6770002842;37135;27860;369;377856;780801638400;22135334
47360;3.7620000839;43577;28664;299;378880;785039360000;22787688
47488;3.7370002270;38248;27716;351;379904;789288550400;22345693
47616;3.7630002499;38880;26573;634;380928;793549209600;22429774
47744;3.9370002747;38634;31896;325;381952;797821337600;22421350
47872;3.9250001907;35631;28027;379;382976;802104934400;22275813
48000;3.8020002842;35264;27772;482;384000;806400000000;22340257
48128;3.8230001926;37980;32249;266;385024;810706534400;22388823
48256;3.9360001087;42301;36258;390;386048;815024537600;23075137
48384;3.9160001278;40302;32466;315;387072;819354009600;22942352
48512;3.8410000801;36572;28724;304;388096;823694950400;22450703
48640;3.9550001621;40774;28926;285;389120;828047360000;23049367
48768;3.8680002689;39286;30028;479;390144;832411238400;22602424
48896;3.8750002384;42142;30425;433;391168;836786585600;23126176
49024;3.8780002594;38501;29063;316;392192;841173401600;23092814
49152;4.0380001068;44086;43675;407;393216;845571686400;23668977
49280;3.9210002422;40486;36898;243;394240;849981440000;23313372
49408;3.9220001698;42483;35496;233;395264;854402662400;23360511
49536;3.9930002689;39443;29444;334;396288;858835353600;23345716
49664;4.0490002632;42082;37012;248;397312;863279513600;23665034
49792;4.1010003090;47165;41507;315;398336;867735142400;24041710
49920;4.6360001564;45035;35967;10563;399360;872202240000;24032154
50048;4.5329999924;38565;35341;543;400384;876680806400;23381746
50176;4.3020000458;37251;32622;242;401408;881170841600;23189355
50304;4.2510004044;44401;40974;407;402432;885672345600;24033876
50432;4.1180000305;40392;39111;328;403456;890185318400;23678445
50560;3.9610002041;36145;33317;356;404480;894709760000;22932498
50688;4.2850003242;53046;40026;301;405504;899245670400;25218475
50816;4.0910000801;43321;35440;309;406528;903793049600;23989284
50944;4.3820004463;54800;47119;446;407552;908351897600;25682348
51072;4.2650003433;44225;35558;310;408576;912922214400;24374659
51200;4.3090000153;49631;49630;398;409600;917504000000;25015420
51328;4.3040003777;50309;47993;264;410624;922097254400;25316514
51456;4.2900004387;49350;52120;417;411648;926701977600;25199333
51584;4.0710000992;41637;35675;232;412672;931318169600;24249560
51712;4.1250000000;46888;41888;287;413696;935945830400;24993034
51840;4.1010003090;45445;37071;320;414720;940584960000;24673367
51968;4.1250000000;44786;42756;371;415744;945235558400;24909595
52096;3.9990000725;43305;40408;454;416768;949897625600;24818692
52224;4.0050001144;39448;41538;412;417792;954571161600;24227787
52352;3.9270002842;37918;30207;321;418816;959256166400;24032088
52480;4.0370001793;39879;36014;386;419840;963952640000;24480523
52608;4.0510001183;40894;33029;327;420864;968660582400;24555240
52736;4.1640000343;48106;46864;342;421888;973379993600;25410322
52864;3.9330000877;37845;30981;334;422912;978110873600;24014377
52992;4.0440001488;40435;33385;305;423936;982853222400;24614007
53120;4.1150002480;46237;37549;373;424960;987607040000;25196469
53248;4.0890002251;41436;34347;272;425984;992372326400;25088663
53376;4.0720000267;41508;35791;400;427008;997149081600;24934546
53504;4.4180002213;58859;67578;229;428032;1001937305600;27004746
53632;4.2070002556;45274;46249;327;429056;1006736998400;25493531
53760;4.3110003471;52572;54631;390;430080;1011548160000;26484948
53888;4.9050002098;42990;33274;13194;431104;1016370790400;25276792
54016;4.9580001831;52343;50956;469;432128;1021204889600;26187781
54144;4.8330001831;46018;39605;385;433152;1026050457600;25789373
54272;4.7039999962;41548;36418;474;434176;1030907494400;25119118
54400;4.9900002480;54034;52940;269;435200;1035776000000;26706349
54528;4.3420000076;42853;39210;466;436224;1040655974400;25395751
54656;4.2060003281;45129;38220;282;437248;1045547417600;25879798
54784;4.1710000038;40775;36930;444;438272;1050450329600;25346956
54912;4.1440000534;41956;31950;464;439296;1055364710400;25329568
55040;4.3050003052;47300;39837;366;440320;1060290560000;26165771
55168;4.5010004044;56990;53127;323;441344;1065227878400;27400490
55296;4.2740001678;42867;37786;359;442368;1070176665600;25700869
55424;4.3540000916;44579;36066;881;443392;1075136921600;26064039
55552;4.4210000038;44688;40930;596;444416;1080108646400;26080430
55680;4.6290001869;46209;40205;492;445440;1085091840000;26281785
55808;4.5100002289;45282;35362;418;446464;1090086502400;26432644
55936;4.4900002480;48481;45564;463;447488;1095092633600;26837157
56064;4.5580000877;42345;39052;537;448512;1100110233600;25857784
56192;4.6660003662;43840;37426;518;449536;1105139302400;26335459
56320;4.5370001793;51295;42390;342;450560;1110179840000;27129558
56448;4.4800000191;43094;41472;384;451584;1115231846400;26177239
56576;4.5770001411;46201;38793;1090;452608;1120295321600;26792685
56704;4.7560000420;49670;43706;329;453632;1125370265600;27086687
56832;4.4390001297;42791;35578;554;454656;1130456678400;26502841
56960;4.6010003090;47422;36480;488;455680;1135554560000;26909846
57088;4.5410003662;47312;40475;351;456704;1140663910400;27052663
57216;4.5690002441;48768;46779;316;457728;1145784729600;27275651
57344;4.5050001144;43962;39212;419;458752;1150917017600;26800308
57472;4.7110004425;53950;59989;249;459776;1156060774400;27821179
57600;4.6470003128;51615;44518;307;460800;1161216000000;27613467
57728;4.6830000877;50683;44899;300;461824;1166382694400;27704033
57856;4.5850000381;47258;42494;330;462848;1171560857600;27272819
57984;4.6980004311;52051;43078;421;463872;1176750489600;27884106
58112;4.5880002975;48484;39045;376;464896;1181951590400;27363653
58240;4.6950001717;50793;41954;490;465920;1187164160000;27917949
58368;4.7480001450;52748;51473;360;466944;1192388198400;28249535
58496;4.9320001602;62823;76233;496;467968;1197623705600;29374817
58624;4.7440004349;53447;53268;412;468992;1202870681600;28382114
58752;4.7440004349;50952;38862;551;470016;1208129126400;28250175
58880;4.7610001564;52804;47980;399;471040;1213399040000;28407119
59008;4.7550001144;53047;41949;266;472064;1218680422400;28432194
59136;4.6610002518;47944;46453;337;473088;1223973273600;28078522
59264;4.7970004082;57690;56384;336;474112;1229277593600;28985391
59392;4.8650002480;58399;54751;407;475136;1234593382400;29411733
59520;4.6770000458;50307;41954;381;476160;1239920640000;28112524
59648;4.6870002747;49208;48834;315;477184;1245259366400;28091186
59776;4.6500000954;47011;48470;389;478208;1250609561600;27916134
59904;5.0800004005;70990;81530;325;479232;1255971225600;30953396
60032;4.6020002365;48317;43012;558;480256;1261344358400;28107672
60160;4.6460003853;49432;42621;509;481280;1266728960000;28431442
60288;4.7840003967;52897;50195;334;482304;1272125030400;28860621
60416;4.7760000229;52941;48345;412;483328;1277532569600;28834685
60544;4.8680000305;59640;49762;434;484352;1282951577600;29752525
60672;4.8920001984;58586;60240;421;485376;1288382054400;29491222
60800;4.8780002594;54976;58882;348;486400;1293824000000;29407493
60928;4.7060003281;49319;46932;312;487424;1299277414400;28506219
61056;4.9270000458;55816;58524;302;488448;1304742297600;29666571
61184;4.8400001526;52755;54329;427;489472;1310218649600;29124308
61312;4.9770002365;68099;60341;492;490496;1315706470400;30760587
61440;4.7560000420;50551;46343;409;491520;1321205760000;29063926
61568;4.8420000076;52184;49473;483;492544;1326716518400;29246362
61696;4.8050003052;53387;52487;412;493568;1332238745600;29163479
61824;4.7780003548;47841;45170;313;494592;1337772441600;28812177
61952;4.9050002098;53221;52295;298;495616;1343317606400;29533189
62080;4.9120001793;61958;60089;417;496640;1348874240000;30235657
62208;5.0160002708;60227;56913;553;497664;1354442342400;30478434
62336;4.8060002327;50264;41876;491;498688;1360021913600;29106122
62464;4.9900002480;56479;60746;318;499712;1365612953600;30266924
62592;4.9450001717;53017;45687;324;500736;1371215462400;29708855
62720;4.9139404297;53762;49084;399;501760;1376829440000;29815853
62848;4.9290003777;53399;44240;409;502784;1382454886400;29900415
62976;5.0080003738;55712;49188;632;503808;1388091801600;30129441
63104;4.9490003586;51069;45038;540;504832;1393740185600;29745741
63232;5.1930003166;67898;67014;361;505856;1399400038400;32022229
63360;5.0610003471;56302;50337;575;506880;1405071360000;30474871
63488;5.1540002823;58945;50955;392;507904;1410754150400;30899855
63616;5.0410003662;56873;51307;574;508928;1416448409600;30478575
63744;5.0860004425;58824;47645;513;509952;1422154137600;30641008
63872;4.9420003891;54375;52133;549;510976;1427871334400;30259605
64000;5.0440001488;56101;51295;553;512000;1433600000000;30767046
64128;5.0980000496;64800;48310;761;513024;1439340134400;31722696
64256;4.9250001907;55978;53679;494;514048;1445091737600;30497818
64384;5.0010004044;59403;47332;411;515072;1450854809600;30777996
64512;5.0770001411;60391;56179;428;516096;1456629350400;31295440
64640;4.8730001450;50926;45450;443;517120;1462415360000;30045335
64768;4.9220004082;53102;47263;643;518144;1468212838400;30553766
64896;5.0820002556;58288;55220;410;519168;1474021785600;31048456
65024;4.9800000191;50811;49162;573;520192;1479842201600;30359912
65152;5.0810003281;60499;54002;545;521216;1485674086400;31507291
65280;5.0130000114;53043;44061;769;522240;1491517440000;30898476
65408;5.1310000420;61515;65551;570;523264;1497372262400;31780762
65536;5.0570001602;56667;43285;495;524288;1503238553600;31057140
65664;5.2220001221;65190;69529;350;525312;1509116313600;32052974
65792;5.4510002136;74067;70970;318;526336;1515005542400;33517023
65920;4.9200000763;50524;45107;407;527360;1520906240000;30747598
66048;4.8640003204;52825;46062;503;528384;1526818406400;30611834
66176;4.9690003395;55610;51385;356;529408;1532742041600;31381316
66304;5.3400001526;75351;74728;322;530432;1538677145600;33735974
66432;5.0970001221;58545;57822;575;531456;1544623718400;31944698
66560;5.0720000267;58607;51908;502;532480;1550581760000;32056691
66688;5.1140003204;58310;63974;551;533504;1556551270400;32116718
66816;5.1410002708;58462;54702;637;534528;1562532249600;31820682
66944;5.2960004807;63191;55289;598;535552;1568524697600;32886708
67072;5.1800003052;55561;65064;488;536576;1574528614400;31807395
67200;5.3240003586;60018;60702;510;537600;1580544000000;32440385
67328;5.2910003662;60771;58475;349;538624;1586570854400;32224888
67456;5.1830000877;61607;58628;715;539648;1592609177600;32533329
67584;5.2000002861;56330;48481;699;540672;1598658969600;32245372
67712;5.4190001488;71762;69213;562;541696;1604720230400;33949204
67840;5.0530004501;53128;50085;484;542720;1610792960000;31789799
67968;5.3170003891;64006;68595;490;543744;1616877158400;33109711
68096;5.2940001488;63489;61229;395;544768;1622972825600;33278637
68224;5.2690000534;60770;52123;701;545792;1629079961600;32704881
68352;5.4640002251;56200;50450;556;546816;1635198566400;32577946
68480;5.4240002632;60727;54516;627;547840;1641328640000;33206402
68608;5.2350001335;59620;46182;604;548864;1647470182400;33009892
68736;5.2030000687;60955;51237;504;549888;1653623193600;33103417
68864;5.4620003700;72674;68466;450;550912;1659787673600;34461762
68992;5.3640003204;67107;54924;460;551936;1665963622400;33859846
69120;5.3550000191;65682;58726;478;552960;1672151040000;33894066
69248;5.0750002861;52897;51968;476;553984;1678349926400;32283644
69376;5.8520002365;96888;131234;446;555008;1684560281600;37507310
69504;5.2540001869;60487;54508;332;556032;1690782105600;33442044
69632;5.2430000305;64144;58802;545;557056;1697015398400;33407607
69760;5.2360000610;61187;64838;364;558080;1703260160000;33200776
69888;5.1390004158;56553;55405;718;559104;1709516390400;32756710
70016;5.2360000610;61049;65881;526;560128;1715784089600;33155884
70144;5.6660003662;65716;72344;460;561152;1722063257600;34234750
70272;5.6490001678;64794;58326;740;562176;1728353894400;34193088
70400;5.2540001869;63489;58935;487;563200;1734656000000;33543502
70528;5.4330000877;64379;64462;505;564224;1740969574400;34048541
70656;5.5490002632;73436;75833;526;565248;1747294617600;35138737
70784;7.2860002518;70162;60680;15064;566272;1753631129600;34647676
70912;7.3220005035;61074;51173;719;567296;1759979110400;34086606
71040;7.4140005112;65691;52352;740;568320;1766338560000;34654265
71168;5.8580002785;66466;53295;798;569344;1772709478400;34624321
71296;5.6840004921;59000;50981;609;570368;1779091865600;33780685
71424;5.7500004768;66436;59560;534;571392;1785485721600;34717836
71552;5.8310003281;72507;73029;404;572416;1791891046400;35392861
71680;5.6380004883;59156;59516;439;573440;1798307840000;34026008
71808;5.8630003929;70275;59542;441;574464;1804736102400;35249166
71936;5.8190002441;67511;68216;308;575488;1811175833600;35070112
72064;5.7880001068;62344;64023;382;576512;1817627033600;34846148
72192;5.6300001144;58571;51688;421;577536;1824089702400;33809701
72320;5.8630003929;71554;69650;473;578560;1830563840000;35363086
72448;5.7500004768;62160;62255;376;579584;1837049446400;34671680
72576;5.8710002899;69164;71290;512;580608;1843546521600;35443441
72704;5.7360000610;62586;63054;470;581632;1850055065600;34549905
72832;5.7890005112;65316;59001;402;582656;1856575078400;34928453
72960;5.7110004425;58482;52531;477;583680;1863106560000;34332485
73088;5.8070001602;63573;63868;470;584704;1869649510400;34962218
73216;5.9920001030;73513;71635;492;585728;1876203929600;36173307
73344;5.7570004463;62283;55773;505;586752;1882769817600;34738247
73472;6.2690005302;87237;107649;503;587776;1889347174400;38028400
73600;5.7910003662;62854;55113;337;588800;1895936000000;34896313
73728;5.9320001602;74616;60845;511;589824;1902536294400;36416377
73856;6.1880002022;83569;95038;567;590848;1909148057600;37658906
73984;6.0300002098;75328;76895;338;591872;1915771289600;36550334
74112;5.9500002861;67941;69649;497;592896;1922405990400;35898117
74240;6.0310001373;72955;76894;456;593920;1929052160000;36441864
74368;6.0670003891;74464;73751;378;594944;1935709798400;36631610
74496;5.8950004578;71562;67396;527;595968;1942378905600;36308661
74624;5.6290001869;66130;52334;546;596992;1949059481600;35575848
74752;5.6960000992;65081;55001;609;598016;1955751526400;35608501
74880;5.8110003471;69873;69254;567;599040;1962455040000;36552184
75008;5.7020001411;61986;59430;350;600064;1969170022400;35692992
75136;5.8830003738;73042;71524;487;601088;1975896473600;36932759
75264;5.7860002518;66659;59765;447;602112;1982634393600;36064494
75392;5.8660001755;68838;60788;537;603136;1989383782400;36796911
75520;5.8450002670;68743;65386;694;604160;1996144640000;36347860
75648;5.8660001755;73485;74536;762;605184;2002916966400;37205257
75776;5.8080000877;65031;76076;580;606208;2009700761600;36018589
75904;5.9020004272;66815;69309;551;607232;2016496025600;36377998
76032;6.0750002861;73822;69805;634;608256;2023302758400;37142920
76160;5.8770003319;66485;61332;719;609280;2030120960000;36458332
76288;6.0480003357;72957;61561;680;610304;2036950630400;37309905
76416;6.1410002708;79589;84828;504;611328;2043791769600;37991133
76544;5.8370003700;71822;59699;627;612352;2050644377600;37026709
76672;5.9220004082;71812;61022;622;613376;2057508454400;37503609
76800;7.9400005341;69380;67747;19888;614400;2064384000000;36950028
76928;6.9690003395;73800;67909;700;615424;2071271014400;37492005
77056;6.4090003967;71472;69618;704;616448;2078169497600;37250294
77184;6.2430005074;77199;71938;532;617472;2085079449600;37674082
77312;6.2000002861;76788;83870;706;618496;2092000870400;38138686
77440;6.1040000916;74276;83188;616;619520;2098933760000;37909575
77568;6.1230001450;74216;76853;517;620544;2105878118400;37761946
77696;6.2210001945;75971;82477;486;621568;2112833945600;38318652
77824;6.2390003204;72647;77058;362;622592;2119801241600;37713662
77952;6.1680002213;70169;67470;562;623616;2126780006400;37167661
78080;6.3710002899;77368;68405;557;624640;2133770240000;38458696
78208;6.1900000572;68507;66240;521;625664;2140771942400;37427339
78336;6.4000000954;78077;81365;691;626688;2147785113600;38635700
78464;6.3480005264;77233;64576;529;627712;2154809753600;38480924
78592;6.3260002136;74232;75054;415;628736;2161845862400;38274550
78720;6.1850004196;64752;57948;669;629760;2168893440000;37257631
78848;6.3510003090;74557;72528;774;630784;2175952486400;38361178
78976;6.2300004959;67598;64489;547;631808;2183023001600;37525571
79104;6.2310004234;68860;67228;466;632832;2190104985600;37513990
79232;6.3200001717;72780;63097;543;633856;2197198438400;38137257
79360;6.3710002899;74334;73332;497;634880;2204303360000;38539147
79488;6.3210000992;70955;70387;458;635904;2211419750400;38004307
79616;6.3910002708;74578;71529;665;636928;2218547609600;38419184
79744;6.3520002365;74018;71474;461;637952;2225686937600;38397913
79872;6.4450001717;76108;63236;422;638976;2232837734400;39021464
80000;6.1590003967;69355;57984;492;640000;2240000000000;38023692
80128;6.3650002480;80538;89107;381;641024;2247173734400;39310075
80256;6.2240004539;67303;66335;721;642048;2254358937600;37843668
80384;6.3130002022;68137;63565;567;643072;2261555609600;38169254
80512;6.5090003014;74874;88908;605;644096;2268763750400;39367024
80640;6.4740004539;71453;69518;507;645120;2275983360000;39110199
80768;6.5720005035;78491;86582;633;646144;2283214438400;39641281
80896;6.5480003357;78451;79412;540;647168;2290456985600;39679525
81024;6.5170001984;76232;74187;482;648192;2297711001600;39377688
81152;6.3960003853;79230;79914;513;649216;2304976486400;39761291
81280;6.3780002594;75570;73862;597;650240;2312253440000;39544224
81408;6.4270005226;82317;86283;469;651264;2319541862400;40081954
81536;6.4600005150;80574;87520;458;652288;2326841753600;40170802
81664;6.6380004883;91929;105603;414;653312;2334153113600;41695159
81792;6.5010004044;80600;85670;549;654336;2341475942400;40462620
81920;7.8000001907;83754;90480;16961;655360;2348810240000;40637734
82048;10.2180004120;71030;66162;17274;656384;2356156006400;39174670
82176;10.5070009232;76479;80374;957;657408;2363513241600;39985329
82304;6.9050002098;82622;82464;430;658432;2370881945600;40456368
82432;6.6100001335;79905;76690;556;659456;2378262118400;40500993
82560;6.4100003242;72844;74690;486;660480;2385653760000;39378282
82688;6.5760002136;76048;73022;671;661504;2393056870400;39881317
82816;6.7000002861;78031;79226;569;662528;2400471449600;40441692
82944;6.6200003624;76345;73882;684;663552;2407897497600;39979887
83072;6.8449707031;87952;94734;423;664576;2415335014400;41752961
83200;8.5820007324;74568;78814;17532;665600;2422784000000;39930880
83328;8.6760005951;79439;71453;927;666624;2430244454400;40452282
83456;7.0170001984;77515;80029;753;667648;2437716377600;40375562
83584;6.9300003052;83933;88253;663;668672;2445199769600;41327855
83712;7.0350003242;94503;123734;534;669696;2452694630400;42628139
83840;7.4350004196;114515;156374;518;670720;2460200960000;44811063
83968;7.1790003777;96921;106309;450;671744;2467718758400;43066376
84096;7.0780005455;93354;119020;547;672768;2475248025600;42591538
84224;6.8410005569;80375;79942;700;673792;2482788761600;40894721
84352;6.8960003853;79392;77917;608;674816;2490340966400;41108213
84480;6.8620004654;80892;79660;469;675840;2497904640000;41048749
84608;6.8910002708;82305;90647;494;676864;2505479782400;41758861
84736;6.8130002022;77243;72843;587;677888;2513066393600;41003116
84864;6.7840003967;79765;69063;747;678912;2520664473600;40993306
84992;6.8400001526;80539;78914;812;679936;2528274022400;41355803
85120;6.6940002441;80660;76419;429;680960;2535895040000;41553937
85248;6.8010001183;87031;88246;707;681984;2543527526400;42267848
85376;6.7120003700;80517;88310;362;683008;2551171481600;41340741
85504;6.6190004349;73233;68558;562;684032;2558826905600;40575202
85632;6.8290004730;84418;80058;634;685056;2566493798400;42021337
85760;6.6840004921;75391;84693;624;686080;2574172160000;41047192
85888;6.9280004501;88756;98939;440;687104;2581861990400;42729563
86016;6.7840003967;82713;86971;501;688128;2589563289600;41990301
86144;6.7320003510;78558;69232;520;689152;2597276057600;41657772
86272;6.8430004120;87070;86213;393;690176;2605000294400;42589126
86400;6.8880004883;89310;95397;451;691200;2612736000000;43000634
86528;6.6800003052;78228;84079;457;692224;2620483174400;41516777
86656;7.0320005417;88792;97123;412;693248;2628241817600;42694942
86784;7.0240001678;86010;93407;502;694272;2636011929600;42885363
86912;6.8510003090;77743;76804;594;695296;2643793510400;42407201
87040;6.7280001640;76410;75454;644;696320;2651586560000;41784860
87168;7.0700001717;95368;124391;702;697344;2659391078400;44100222
87296;6.5940003395;73586;73072;547;698368;2667207065600;41268338
87424;7.0470004082;93789;103849;398;699392;2675034521600;44073230
87552;6.8470001221;84745;81354;576;700416;2682873446400;42818453
87680;6.8900003433;86099;85304;560;701440;2690723840000;42998072
87808;6.6180005074;77006;72793;490;702464;2698585702400;41883217
87936;7.0870003700;96353;110798;683;703488;2706459033600;44600051
88064;6.9600005150;87051;92007;516;704512;2714343833600;43154478
88192;6.8360004425;81463;76645;505;705536;2722240102400;42612347
88320;7.0610003471;89931;96625;705;706560;2730147840000;43822043
88448;7.0990004539;100319;115849;465;707584;2738067046400;45071304
88576;6.7970004082;81582;90494;496;708608;2745997721600;42911275
88704;6.7450003624;79952;86368;570;709632;2753939865600;42529833
88832;8.2040004730;88720;91337;18518;710656;2761893478400;43901240
88960;8.1359252930;87582;88974;1085;711680;2769858560000;43685781
89088;7.3380002975;86672;93221;499;712704;2777835110400;44085517
89216;7.2380003929;90700;90192;499;713728;2785823129600;43911405
89344;12.3090009689;93456;97456;21221;714752;2793822617600;44571589
89472;8.6780004501;87216;103939;944;715776;2801833574400;43823158
89600;7.5750002861;84354;81405;775;716800;2809856000000;43516272
89728;7.2930002213;84579;84969;482;717824;2817889894400;43696152
89856;7.5990004539;106325;133028;567;718848;2825935257600;46139286
89984;7.1940002441;81509;89728;468;719872;2833992089600;43270181
90112;7.0940003395;86516;91416;617;720896;2842060390400;43925831
90240;7.1430001259;90402;90085;611;721920;2850140160000;44597985
90368;7.0310001373;85157;82112;626;722944;2858231398400;44025219
90496;6.9860005379;82415;86766;580;723968;2866334105600;43449918
90624;7.0370001793;78769;77827;575;724992;2874448281600;43671742
90752;7.0560002327;85566;90945;643;726016;2882573926400;44106045
90880;7.3570003510;101500;126746;640;727040;2890711040000;46128490
91008;7.2070002556;87113;80554;620;728064;2898859622400;44746233
91136;7.3640003204;99174;89869;479;729088;2907019673600;45851158
91264;8.5090007782;83641;81487;18930;730112;2915191193600;44307958
91392;8.4250001907;108771;128644;703;731136;2923374182400;46965661
91520;7.6510004997;90492;96937;735;732160;2931568640000;44875136
91648;7.4710001945;93682;108831;574;733184;2939774566400;45136229
91776;7.4440002441;97667;117947;542;734208;2947991961600;45859605
91904;7.2900004387;91635;118817;423;735232;2956220825600;45075922
92032;7.4730005264;101417;117223;425;736256;2964461158400;46301163
92160;7.4760003090;106585;141436;748;737280;2972712960000;47033316
92288;7.3620004654;98079;95605;647;738304;2980976230400;46109933
92416;7.0220003128;82120;96663;628;739328;2989250969600;44386780
92544;7.0550003052;80669;83848;592;740352;2997537177600;44515719
92672;7.1890001297;90792;90270;441;741376;3005834854400;45568734
92800;7.5370001793;105244;110138;552;742400;3014144000000;47331935
92928;7.1380004883;80278;78412;587;743424;3022464614400;44466004
93056;7.2330002785;90860;97989;417;744448;3030796697600;45565994
93184;7.3260002136;95451;111705;562;745472;3039140249600;46385025
93312;7.1710004807;86767;98019;510;746496;3047495270400;44911436
93440;7.2730002403;98510;117164;646;747520;3055861760000;46691639
93568;7.2000002861;86378;87467;451;748544;3064239718400;45103567
93696;7.1980004311;84217;86985;520;749568;3072629145600;45118090
93824;7.5150003433;102003;104050;508;750592;3081030041600;47053058
93952;7.2120003700;86443;89821;644;751616;3089442406400;45797536
94080;8.5860004425;87923;91945;19488;752640;3097866240000;45902713
94208;8.0000000000;99673;116850;441;753664;3106301542400;47004943
94336;7.8130002022;96553;109246;550;754688;3114748313600;47139792
94464;7.4150004387;90095;92880;525;755712;3123206553600;46237760
94592;7.3720002174;90484;93356;642;756736;3131676262400;45830759
94720;7.4070005417;86169;84103;790;757760;3140157440000;46108059
94848;7.6090002060;90095;93861;852;758784;3148650086400;46105321
94976;8.9630002975;88914;89772;19678;759808;3157154201600;46412113
95104;8.4260005951;96188;98774;770;760832;3165669785600;47406660
95232;7.9470005035;94472;92859;711;761856;3174196838400;46916576
95360;7.8620004654;96396;95914;642;762880;3182735360000;47626799
95488;7.5920004845;84441;85831;720;763904;3191285350400;45708604
95616;7.5560002327;85916;88281;757;764928;3199846809600;45661198
95744;7.6390004158;86565;80915;540;765952;3208419737600;46062026
95872;7.8480005264;93949;110268;557;766976;3217004134400;47234515
96000;7.8430004120;98206;108071;668;768000;3225600000000;47852065
96128;7.6420001984;91729;88923;554;769024;3234207334400;46648716
96256;7.7860002518;99972;105754;585;770048;3242826137600;47671688
96384;7.7820005417;95595;92535;666;771072;3251456409600;47310504
96512;7.7080001831;95683;94320;583;772096;3260098150400;47435223
96640;8.0329999924;113444;143577;735;773120;3268751360000;49799546
96768;7.7150001526;94763;90711;650;774144;3277416038400;47360899
96896;8.0850000381;110633;125336;674;775168;3286092185600;49359863
97024;7.9220004082;106381;109437;624;776192;3294779801600;49042092
97152;7.8120002747;98500;110098;701;777216;3303478886400;48373433
97280;7.6760005951;88457;90212;509;778240;3312189440000;47083096
97408;7.5840005875;87670;89838;529;779264;3320911462400;46950758
97536;7.8430004120;101376;116945;760;780288;3329644953600;48701696
97664;7.7680006027;97272;100820;503;781312;3338389913600;48092088
97792;7.6630005836;87886;84000;572;782336;3347146342400;47308010
97920;7.7950005531;94404;106310;684;783360;3355914240000;48144089
98048;7.6110005379;92738;101396;679;784384;3364693606400;47421516
98176;8.0370006561;114663;147205;444;785408;3373484441600;50560562
98304;7.8810005188;107668;115220;498;786432;3382286745600;49488849
98432;7.8990001678;107850;114436;554;787456;3391100518400;49770188
98560;7.6270003319;95689;101339;524;788480;3399925760000;48210721
98688;7.6910004616;90770;91404;592;789504;3408762470400;48082599
98816;7.9940004349;106473;108772;610;790528;3417610649600;49511697
98944;7.9790005684;100510;107352;567;791552;3426470297600;49353019
99072;7.9930005074;109003;126962;567;792576;3435341414400;50198183
99200;7.7030005455;94995;99127;830;793600;3444224000000;48202396
99328;7.7490005493;90827;91006;417;794624;3453118054400;48195588
99456;8.0050001144;106633;105310;609;795648;3462023577600;49609516
99584;7.6470003128;88533;88418;573;796672;3470940569600;47934768
99712;7.8520002365;100249;116276;760;797696;3479869030400;49153838
99840;7.7600002289;97526;107826;639;798720;3488808960000;49055316
99968;7.7490005493;91488;84626;713;799744;3497760358400;48281480
100096;8.2059326172;117263;129774;846;800768;3506723225600;51635028
100224;7.6870002747;89361;86715;682;801792;3515697561600;48171655
100352;7.8510003090;102113;107162;614;802816;3524683366400;49658479
100480;7.8490004539;92489;93981;656;803840;3533680640000;48882908
100608;7.7210001945;87664;93108;678;804864;3542689382400;48224790
100736;7.8870005608;97192;96487;660;805888;3551709593600;49390417
100864;7.8410005569;94780;106493;488;806912;3560741273600;48794866
100992;9.2800006866;99467;94193;21066;807936;3569784422400;49617920
101120;13.4920005798;113756;135586;20949;808960;3578839040000;51345260
101248;12.0820007324;93900;100105;1125;809984;3587905126400;48869744
101376;7.9680004120;95862;96692;935;811008;3596982681600;48997754
101504;7.8670005798;103857;114432;668;812032;3606071705600;50102557
101632;7.8580002785;96901;100407;723;813056;3615172198400;49719117
101760;7.7420005798;90352;89557;814;814080;3624284160000;48786498
101888;7.8970003128;95450;91632;829;815104;3633407590400;49804086
102016;8.1319999695;109161;119986;649;816128;3642542489600;51282679
102144;8.0050001144;101882;104616;958;817152;3651688857600;50214187
102272;8.2800006866;118768;119102;576;818176;3660846694400;52296974
102400;8.0960006714;103653;112802;706;819200;3670016000000;50657306
102528;8.0380001068;103785;105145;581;820224;3679196774400;50610336
102656;8.0690002441;113296;131619;669;821248;3688389017600;51682951
102784;8.1319999695;110703;131414;607;822272;3697592729600;51607046
102912;8.2790002823;118723;141622;554;823296;3706807910400;52726556
103040;8.0870008469;102938;130565;683;824320;3716034560000;50659905
103168;8.2910003662;112064;133068;1090;825344;3725272678400;51656232
103296;8.0110006332;100317;111503;1003;826368;3734522265600;50507727
103424;8.1000003815;102006;98177;774;827392;3743783321600;50959446
103552;8.3190002441;98374;101947;793;828416;3753055846400;50291359
103680;8.4970006943;111303;121803;714;829440;3762339840000;52241590
103808;8.5790004730;123589;127354;831;830464;3771635302400;53442441
103936;8.3750000000;104503;113725;807;831488;3780942233600;51751740
104064;8.0989999771;98986;93477;699;832512;3790260633600;50583785
104192;8.6230001450;123819;134125;663;833536;3799590502400;53974774
104320;8.1990003586;103599;105321;744;834560;3808931840000;51133636
104448;8.2860002518;103165;110940;597;835584;3818284646400;51437016
104576;8.4050006866;109493;118938;966;836608;3827648921600;52207897
104704;8.2990007401;108414;98858;724;837632;3837024665600;52019551
104832;8.5350008011;109907;117917;1039;838656;3846411878400;52811940
104960;8.2540006638;97377;96504;821;839680;3855810560000;50868181
105088;8.5710000992;117592;135128;915;840704;3865220710400;53445989
105216;8.4130001068;106103;108021;732;841728;3874642329600;52356305
105344;8.4030008316;107091;108818;857;842752;3884075417600;52088158
105472;8.2930002213;102938;109266;619;843776;3893519974400;51497223
105600;8.3760004044;103020;99273;780;844800;3902976000000;52184592
105728;8.4500007629;110842;116100;917;845824;3912443494400;52643139
105856;8.4479999542;102754;110936;557;846848;3921922457600;52184455
105984;8.7640008926;129910;137051;629;847872;3931412889600;55184655
106112;8.6400003433;119543;117153;765;848896;3940914790400;54199672
106240;8.5980005264;105516;117065;5989;849920;3950428160000;52146065
106368;8.7510004044;125060;157346;975;850944;3959952998400;54440758
106496;12.7480001450;109555;108970;22112;851968;3969489305600;52787476
106624;15.8850011826;103780;127575;22398;852992;3979037081600;51927105
106752;13.9820003510;109450;113380;990;854016;3988596326400;53071840
106880;8.5680007935;106397;106352;931;855040;3998167040000;52697204
107008;8.5020008087;103070;107152;922;856064;4007749222400;52574861
107136;8.4890003204;110625;121988;761;857088;4017342873600;53284970
107264;8.5450000763;114950;117775;747;858112;4026947993600;53718630
107392;8.3020000458;100254;97047;843;859136;4036564582400;52325659
107520;8.4219999313;105118;106241;799;860160;4046192640000;52514834
107648;8.5800008774;114891;131158;698;861184;4055832166400;53998338
107776;8.3600006104;105683;101730;677;862208;4065483161600;53024518
107904;8.5800008774;117608;134764;595;863232;4075145625600;54534315
108032;8.5010004044;111834;117721;638;864256;4084819558400;53753394
108160;8.5080003738;114451;128634;839;865280;4094504960000;54285636
108288;8.5010004044;108367;111396;1103;866304;4104201830400;53651056
108416;8.6100006104;113437;107880;891;867328;4113910169600;54148778
108544;8.6810007095;117517;130328;781;868352;4123629977600;54450403
108672;8.8240003586;112374;128190;1096;869376;4133361254400;54328688
108800;10.1340007782;111859;123872;22774;870400;4143104000000;54350287
108928;9.1710004807;103896;107772;573;871424;4152858214400;53163452
109056;9.3140001297;128175;154607;1031;872448;4162623897600;56200748
109184;8.8660001755;110966;115086;690;873472;4172401049600;53798983
109312;8.9590005875;120506;137075;713;874496;4182189670400;55228206
109440;8.8030004501;115844;137462;789;875520;4191989760000;54663844
109568;8.5110006332;97409;99742;779;876544;4201801318400;52745767
109696;8.9020004272;110835;121065;677;877568;4211624345600;54153535
109824;8.8010005951;111609;110873;660;878592;4221458841600;54519034
109952;8.7290000916;109325;114339;1016;879616;4231304806400;54342077
110080;8.6770000458;110261;117315;764;880640;4241162240000;54230261
110208;8.6619262695;105941;105898;754;881664;4251031142400;54144754
110336;9.0520000458;135162;155444;760;882688;4260911513600;57477679
110464;8.7250003815;111119;113703;830;883712;4270803353600;54618871
110592;8.7790002823;112284;121070;1099;884736;4280706662400;54718255
110720;8.8060007095;110798;114039;856;885760;4290621440000;54758901
110848;8.7410001755;104262;117123;938;886784;4300547686400;53850819
110976;8.7810001373;107801;113284;661;887808;4310485401600;54091541
111104;9.4370002747;141276;177289;891;888832;4320434585600;58129486
111232;8.8470001221;105983;108592;738;889856;4330395238400;54209105
111360;8.8970003128;103343;106839;808;890880;4340367360000;54020695
111488;9.0890007019;115379;127504;913;891904;4350350950400;55882172
111616;10.5400009155;105167;110814;23093;892928;4360346009600;54461831
111744;10.9530000687;141243;150504;1176;893952;4370352537600;59110432
111872;9.4650001526;116402;126366;938;894976;4380370534400;55670899
112000;9.3350000381;119826;133519;838;896000;4390400000000;56159831
112128;9.4330005646;135375;155301;652;897024;4400440934400;58020978
112256;9.1820001602;118115;122882;698;898048;4410493337600;56275785
112384;9.0580005646;115083;117478;648;899072;4420557209600;55857434
112512;9.2620000839;120091;137773;800;900096;4430632550400;56526730
112640;9.0860004425;116847;113530;747;901120;4440719360000;55752727
112768;9.1590003967;119118;125043;683;902144;4450817638400;56556564
112896;9.1950006485;118243;135837;675;903168;4460927385600;56276831
113024;9.0750007629;117163;136788;523;904192;4471048601600;56098352
113152;9.0989999771;119313;141087;796;905216;4481181286400;56167554
113280;9.2820005417;125271;137272;748;906240;4491325440000;57133248
113408;9.0770006180;112932;109785;783;907264;4501481062400;55710881
113536;9.1850004196;117059;122064;906;908288;4511648153600;56535470
113664;9.0520000458;107616;108502;885;909312;4521826713600;54977162
113792;9.7100000381;127240;141321;666;910336;4532016742400;57927786
113920;9.3680000305;110049;131279;877;911360;4542218240000;56112127
114048;9.9260005951;118764;123279;849;912384;4552431206400;56708747
114176;9.4970006943;114027;108793;524;913408;4562655641600;56246465
114304;9.5800008774;132933;175690;848;914432;4572891545600;58411560
114432;9.0150003433;107612;108820;714;915456;4583138918400;55625969
114560;9.2100000381;112554;109750;641;916480;4593397760000;56272665
114688;9.4380006790;126676;141254;893;917504;4603668070400;57831150
114816;9.5130004883;114570;114464;689;918528;4613949849600;56732131
114944;9.7920007706;134455;164109;611;919552;4624243097600;59370353
115072;9.2420005798;110932;119667;746;920576;4634547814400;56279918
115200;9.4599609375;116040;113103;796;921600;4644864000000;56947317
115328;9.3760004044;107612;115377;831;922624;4655191654400;56070357
115456;9.7210006714;137679;159563;695;923648;4665530777600;59153223
115584;9.3310003281;115583;110328;866;924672;4675881369600;56993685
115712;9.5470008850;124518;136803;777;925696;4686243430400;58167416
115840;9.4930000305;118506;124531;725;926720;4696616960000;57378703
115968;9.5500001907;134725;160225;1020;927744;4707001958400;59463565
116096;9.0380001068;107432;104371;670;928768;4717398425600;56034215
116224;9.1250000000;113774;113556;697;929792;4727806361600;57301142
116352;9.4540004730;135571;167664;577;930816;4738225766400;59063794
116480;9.2500000000;125410;125120;908;931840;4748656640000;58949922
116608;9.2790002823;116303;115090;745;932864;4759098982400;57523389
116736;9.6380004883;130492;145771;833;933888;4769552793600;59367300
116864;9.4420003891;119520;130240;625;934912;4780018073600;58334827
116992;9.1480007172;111357;114696;759;935936;4790494822400;57127797
117120;9.1740007401;117296;120921;976;936960;4800983040000;57426487
117248;9.6500005722;141262;173990;692;937984;4811482726400;60965025
117376;9.1909999847;115627;116952;608;939008;4821993881600;57525193
117504;9.2640008926;114795;120292;602;940032;4832516505600;57677293
117632;9.2130002975;113845;114177;584;941056;4843050598400;57154026
117760;9.5020008087;120672;119984;817;942080;4853596160000;58544573
117888;9.5180006027;120813;136193;899;943104;4864153190400;58578112
118016;9.3560009003;115120;125983;963;944128;4874721689600;57871941
118144;9.6490001678;131748;139814;854;945152;4885301657600;60107637
118272;9.6980009079;139156;155005;854;946176;4895893094400;60817779
118400;9.7630004883;140303;149185;543;947200;4906496000000;61206451
118528;9.5070009232;135611;158954;553;948224;4917110374400;60543295
118656;9.6740007401;139097;164017;404;949248;4927736217600;61351863
118784;9.7290000916;144165;166027;1182;950272;4938373529600;61515027
118912;9.5110006332;131601;141715;936;951296;4949022310400;59930067
119040;9.6260004044;133128;155787;818;952320;4959682560000;60689272
119168;9.3000001907;113454;118887;804;953344;4970354278400;58214123
119296;9.8730001450;122083;124853;712;954368;4981037465600;58758835
119424;9.2160005569;117189;116432;801;955392;4991732121600;58498670
119552;9.2090005875;111871;113871;706;956416;5002438246400;57909524
119680;9.6620006561;134782;147219;696;957440;5013155840000;60679030
119808;9.5350008011;128432;140310;678;958464;5023884902400;60294419
119936;9.5420007706;128447;154793;752;959488;5034625433600;60144242
120064;12.9800004959;132803;150692;25089;960512;5045377433600;60864675
120192;12.0430002213;120189;123146;1008;961536;5056140902400;59530819
120320;10.0170001984;133350;136673;827;962560;5066915840000;60698851
120448;9.5610008240;122327;134431;1214;963584;5077702246400;59579002
120576;9.4340000153;112901;115392;992;964608;5088500121600;58497882
120704;9.6300001144;130267;140311;856;965632;5099309465600;60417443
120832;9.8430004120;142995;177807;931;966656;5110130278400;62588022
120960;9.7310009003;123241;128426;914;967680;5120962560000;60586672
121088;13.2430009842;139499;161634;25330;968704;5131806310400;61933391
121216;12.7960004807;134290;152957;955;969728;5142661529600;61276947
121344;9.7470006943;125763;137026;889;970752;5153528217600;60336669
121472;9.8150005341;135668;155032;728;971776;5164406374400;61547532
121600;11.5010004044;113817;133745;25412;972800;5175296000000;59439382
121728;12.1320009232;125607;139856;25314;973824;5186197094400;60680384
121856;12.0750007629;123712;121801;2118;974848;5197109657600;60555034
121984;9.9300003052;123013;139087;858;975872;5208033689600;60489410
122112;9.4330005646;117535;129932;929;976896;5218969190400;59851677
122240;9.7160005569;129858;144933;672;977920;5229916160000;61399930
122368;9.3960008621;109500;114113;812;978944;5240874598400;58743523
122496;10.4400005341;174526;233287;741;979968;5251844505600;66262716
122624;9.4510002136;115331;115777;770;980992;5262825881600;59752552
122752;9.5910005569;127449;135202;793;982016;5273818726400;60878400
122880;9.7150001526;135899;153351;847;983040;5284823040000;62066419
123008;9.6620006561;120968;133900;821;984064;5295838822400;60725466
123136;9.8850002289;136922;143082;716;985088;5306866073600;62404708
123264;9.6100006104;126776;135607;648;986112;5317904793600;60933669
123392;9.6690006256;117914;123225;835;987136;5328954982400;60505046
123520;9.6950006485;123785;140145;890;988160;5340016640000;60733626
123648;9.6000003815;120955;133913;828;989184;5351089766400;60731876
123776;9.7160005569;125766;137768;747;990208;5362174361600;61685236
123904;9.5760002136;120234;124330;773;991232;5373270425600;60859453
124032;10.0410003662;136821;169655;928;992256;5384377958400;63082300
124160;9.5630006790;122941;134886;815;993280;5395496960000;60763471
124288;9.8850002289;134886;144606;889;994304;5406627430400;62960950
124416;9.9050006866;127844;143648;999;995328;5417769369600;61554671
124544;9.8770008087;128349;140628;806;996352;5428922777600;62063291
124672;10.0590000153;138400;161144;885;997376;5440087654400;63569709
124800;10.2860002518;150350;185284;1224;998400;5451264000000;64809005
124928;10.2300004959;153652;184420;766;999424;5462451814400;65006109
125056;10.0440006256;135417;137821;773;1000448;5473651097600;62630071
125184;9.8190002441;127911;129177;770;1001472;5484861849600;61981378
125312;9.9460000992;134361;132255;769;1002496;5496084070400;62890244
125440;9.9660005569;135363;128897;745;1003520;5507317760000;62934751
125568;9.7370004654;115862;110460;942;1004544;5518562918400;61014150
125696;10.0330009460;139186;148205;864;1005568;5529819545600;63122154
125824;13.1520004272;123198;119776;26267;1006592;5541087641600;61584427
125952;10.5180006027;132084;137752;1143;1007616;5552367206400;62824349
126080;10.0540008545;127146;127153;1040;1008640;5563658240000;62265462
126208;10.0600004196;127884;138004;875;1009664;5574960742400;62495758
126336;12.2760009766;135946;158081;26226;1010688;5586274713600;63653319
126464;12.0670003891;145414;166501;1135;1011712;5597600153600;64874390
126592;10.4280004501;134601;163569;908;1012736;5608937062400;63420035
126720;12.1030006409;131433;155446;26007;1013760;5620285440000;62692814
126848;11.3040008545;141615;144812;1036;1014784;5631645286400;64294961
126976;10.1920003891;125274;121651;1168;1015808;5643016601600;62324177
127104;10.1300001144;129483;132969;886;1016832;5654399385600;63228022
127232;9.9420003891;125426;133617;1038;1017856;5665793638400;62726890
127360;10.3750009537;149262;192456;820;1018880;5677199360000;65586024
127488;10.7640008926;150590;178563;1364;1019904;5688616550400;65342185
127616;10.2560005188;129933;139439;969;1020928;5700045209600;63081791
127744;10.6390008926;141805;154966;977;1021952;5711485337600;64601897
127872;10.2290000916;141896;174962;921;1022976;5722936934400;64630291
128000;10.1850004196;132199;152780;1023;1024000;5734400000000;63585481
