array_size;time_spent(s);PAPI_L1_TCM;PAPI_L2_TCM;PAPI_L3_TCM;DATA_BYTES;NUM_INSTRUCTIONS;PAPI_TOT_INS
2048;0.1170000061;467;185;32;16384;1468006400;763086
2176;0.2480000108;482;214;20;17408;1657241600;803389
2304;0.2670000196;494;181;28;18432;1857945600;874484
2432;0.1980000138;521;185;33;19456;2070118400;899783
2560;0.3010000288;524;222;19;20480;2293760000;938186
2688;0.3130000234;569;227;17;21504;2528870400;1029236
2816;0.1750000119;575;210;22;22528;2775449600;1159238
2944;0.2000000030;571;198;26;23552;3033497600;1127198
3072;0.2990000248;993;287;26;24576;3303014400;1169790
3200;0.2590000033;636;169;22;25600;3584000000;1237181
3328;0.3190000057;675;211;26;26624;3876454400;1271100
3456;0.4300000072;686;243;32;27648;4180377600;1336225
3584;0.4480000138;720;183;21;28672;4495769600;1403493
3712;0.6000000238;744;246;22;29696;4822630400;1432431
3840;0.6790000200;805;191;21;30720;5160960000;1642042
3968;0.4090000093;811;202;13;31744;5510758400;1593748
4096;0.6520000100;790;201;22;32768;5872025600;1548599
4224;0.2870000005;839;262;25;33792;6244761600;1634379
4352;0.7320000529;1380;278;13;34816;6628966400;1680654
4480;0.4770000279;1079;229;20;35840;7024640000;1798124
4608;0.7570000291;1283;246;21;36864;7431782400;1825546
4736;0.2840000093;1030;231;22;37888;7850393600;1867055
4864;0.3100000024;1385;240;12;38912;8280473600;1886384
4992;0.7460000515;1583;306;17;39936;8722022400;1935168
5120;0.8030000329;1559;240;19;40960;9175040000;2031586
5248;0.4930000305;1232;231;20;41984;9639526400;2069346
5376;0.7750000358;1269;260;24;43008;10115481600;2102669
5504;0.7540000081;1495;258;27;44032;10602905600;2157875
5632;0.4679565430;1806;289;26;45056;11101798400;2239941
5760;0.3420000076;1404;247;20;46080;11612160000;2255503
5888;0.4600000083;1897;271;21;47104;12133990400;2343384
6016;0.4410000145;1589;245;25;48128;12667289600;2471834
6144;0.5190000534;2033;260;30;49152;13212057600;2497051
6272;0.8130000234;2359;247;31;50176;13768294400;2576363
6400;0.9530000687;1893;273;25;51200;14336000000;2594029
6528;0.3970000148;2037;285;28;52224;14915174400;2565749
6656;0.4060000181;2108;304;22;53248;15505817600;2685775
6784;0.5340000391;2436;308;27;54272;16107929600;2725324
6912;0.6180000305;2296;262;24;55296;16721510400;2788502
7040;0.7000000477;1945;296;30;56320;17346560000;2843148
7168;0.8760000467;2058;260;18;57344;17983078400;2924492
7296;0.5660000443;2233;278;25;58368;18631065600;2922912
7424;0.4600000083;2995;352;21;59392;19290521600;3003968
7552;0.5070000291;3344;281;33;60416;19961446400;3149135
7680;0.5970000029;2533;267;25;61440;20643840000;3158154
7808;0.7050000429;3107;327;28;62464;21337702400;3213393
7936;0.6270000339;2962;354;15;63488;22043033600;3154370
8064;0.8990000486;4427;302;27;64512;22759833600;3414302
8192;0.9780000448;3543;322;24;65536;23488102400;3555283
8320;0.7040000558;3961;336;30;66560;24227840000;3515624
8448;0.5670000315;3355;426;31;67584;24979046400;3533434
8576;1.1160000563;3111;309;22;68608;25741721600;3550796
8704;0.9900000691;2884;312;14;69632;26515865600;3605676
8832;0.6020000577;3853;346;20;70656;27301478400;3661042
8960;0.6450000405;3051;330;10;71680;28098560000;3598089
9088;1.1090000868;3806;368;19;72704;28907110400;3823244
9216;0.6580000520;3697;305;27;73728;29727129600;3771119
9344;1.0329999924;4195;400;24;74752;30558617600;3903921
9472;0.9810000658;3520;338;24;75776;31401574400;3857153
9600;0.5740000010;3516;336;19;76800;32256000000;3814025
9728;0.6510000229;4816;347;24;77824;33121894400;4137101
9856;0.6180000305;3713;332;19;78848;33999257600;4092953
9984;1.5850000381;4219;337;27;79872;34888089600;4087217
10112;0.6270000339;3875;394;29;80896;35788390400;4195045
10240;1.3770000935;3936;339;15;81920;36700160000;4181995
10368;0.6450000405;4335;403;24;82944;37623398400;4300965
10496;0.6520000100;4826;344;24;83968;38558105600;4366720
10624;0.6690000296;4033;371;23;84992;39504281600;4471137
10752;1.9180001020;6964;387;26;86016;40461926400;4690314
10880;0.6670000553;4507;361;27;87040;41431040000;4453739
11008;0.6790000200;4085;367;25;88064;42411622400;4499757
11136;1.0860000849;4891;372;28;89088;43403673600;4620324
11264;1.1520000696;5083;423;21;90112;44407193600;4900844
11392;1.1130000353;5604;490;25;91136;45422182400;4843433
11520;0.7130000591;4561;398;15;92160;46448640000;4761600
11648;1.2380000353;7041;650;24;93184;47486566400;5055231
11776;1.2630000114;6172;407;24;94208;48535961600;5002360
11904;0.8940000534;5348;531;26;95232;49596825600;4983723
12032;0.9260000587;5172;560;11;96256;50669158400;4957642
12160;1.4450000525;8547;375;24;97280;51752960000;5512729
12288;1.0480000973;4800;377;27;98304;52848230400;5075181
12416;0.8630000353;5553;490;22;99328;53954969600;5131521
12544;1.3510000706;7307;414;20;100352;55073177600;5343322
12672;1.2050000429;6274;397;23;101376;56202854400;5312753
12800;0.8480000496;5314;419;29;102400;57344000000;5436924
12928;1.0230000019;6114;408;26;103424;58496614400;5428291
13056;1.2190001011;6906;443;20;104448;59660697600;5574356
13184;1.5560001135;8048;615;26;105472;60836249600;5750377
13312;1.4430000782;7995;603;27;106496;62023270400;5721797
13440;1.3370000124;5862;684;26;107520;63221760000;5614230
13568;1.3530000448;6918;424;25;108544;64431718400;5768237
13696;1.2310000658;8094;589;22;109568;65653145600;6023874
13824;1.1240000725;7779;459;27;110592;66886041600;5903655
13952;1.3500000238;7794;578;24;111616;68130406400;5965699
14080;1.4640001059;6630;443;27;112640;69386240000;6027063
14208;1.9430000782;8097;506;28;113664;70653542400;6164660
14336;0.9110000730;7493;427;24;114688;71932313600;6096091
14464;1.5610001087;9547;614;27;115712;73222553600;6444308
14592;1.4810000658;6473;647;21;116736;74524262400;6202997
14720;1.0570000410;6978;568;24;117760;75837440000;6229445
14848;0.9520000219;8345;439;23;118784;77162086400;6382474
14976;1.4910000563;6620;650;23;119808;78498201600;6299498
15104;1.6330001354;7868;518;23;120832;79845785600;6466934
15232;1.0780000687;7232;648;22;121856;81204838400;6343881
15360;0.9830000401;7860;458;22;122880;82575360000;6590926
15488;1.4980000257;12105;653;20;123904;83957350400;6983334
15616;1.0190000534;10462;522;29;124928;85350809600;6812778
15744;1.3490000963;7581;494;14;125952;86755737600;6583426
15872;1.5650000572;7407;706;24;126976;88172134400;6886245
16000;1.6940001249;7744;594;26;128000;89600000000;6642000
16128;1.6020001173;9791;756;28;129024;91039334400;7008130
16256;1.6520000696;9615;478;23;130048;92490137600;7073986
16384;1.3790000677;9590;611;30;131072;93952409600;7025254
16512;1.1090000868;8884;627;21;132096;95426150400;7101807
16640;1.6620000601;10308;676;25;133120;96911360000;7255702
16768;1.8520001173;9056;516;26;134144;98408038400;7405659
16896;1.3370000124;10495;836;21;135168;99916185600;7440712
17024;1.2160000801;8037;745;29;136192;101435801600;7307893
17152;1.7060000896;9096;584;22;137216;102966886400;7267132
17280;1.7270001173;10153;561;20;138240;104509440000;7656303
17408;1.2620000839;10248;507;27;139264;106063462400;7708665
17536;1.8930001259;10828;551;21;140288;107628953600;7515784
17664;1.9600000381;9149;669;23;141312;109205913600;7524480
17792;3.1860001087;9654;469;21;142336;110794342400;7761840
17920;1.3990000486;10652;721;11;143360;112394240000;7856204
18048;1.4290000200;10236;543;29;144384;114005606400;7844818
18176;1.4170000553;9061;683;21;145408;115628441600;7607682
18304;1.9990000725;11302;563;16;146432;117262745600;7968434
18432;1.8670001030;10759;574;23;147456;118908518400;7957928
18560;1.9820001125;9782;547;22;148480;120565760000;7850385
18688;2.7760000229;13303;609;21;149504;122234470400;8525379
18816;2.2120001316;11333;764;18;150528;123914649600;8158623
18944;1.8780001402;9471;671;24;151552;125606297600;8017953
19072;1.2280000448;9975;616;22;152576;127309414400;8239326
19200;2.6550002098;12875;681;22;153600;129024000000;8511666
19328;2.6150000095;9940;668;23;154624;130750054400;8330130
19456;1.2570000887;11135;562;16;155648;132487577600;8416361
19584;2.9490001202;12888;760;23;156672;134236569600;8503003
19712;1.9750001431;10536;702;25;157696;135997030400;8394906
19840;2.0400002003;12933;702;24;158720;137768960000;8733620
19968;1.3890000582;12135;555;28;159744;139552358400;8744326
20096;1.6360000372;12964;614;19;160768;141347225600;9031018
20224;1.6620000601;11077;602;26;161792;143153561600;8629500
20352;2.2760000229;12872;687;24;162816;144971366400;9084586
20480;1.3200000525;11599;524;26;163840;146800640000;8966773
20608;2.3120000362;12431;798;16;164864;148641382400;9165749
20736;1.7840000391;15945;779;28;165888;150493593600;9384398
20864;2.0659999847;10826;619;22;166912;152357273600;8838355
20992;2.0090000629;10664;683;32;167936;154232422400;8824385
21120;1.9000000954;13685;607;22;168960;156119040000;9299469
21248;2.0900001526;13021;807;19;169984;158017126400;9191603
21376;1.8260000944;13867;830;24;171008;159926681600;9419883
21504;1.8120000362;13158;647;24;172032;161847705600;9453111
21632;2.2030000687;16744;663;25;173056;163780198400;9789949
21760;1.3920000792;12259;650;20;174080;165724160000;9415539
21888;2.4620001316;14191;897;15;175104;167679590400;9720381
22016;1.7490000725;13378;873;25;176128;169646489600;9613378
22144;2.3310000896;16397;609;28;177152;171624857600;9967681
22272;2.2660000324;16338;645;22;178176;173614694400;10167876
22400;2.2160000801;13458;886;28;179200;175616000000;9730208
22528;2.1090002060;14640;767;21;180224;177628774400;10012476
22656;1.6600000858;11878;852;26;181248;179653017600;9665918
22784;2.1410000324;12574;823;26;182272;181688729600;10030900
22912;2.2060000896;13719;810;24;183296;183735910400;10013656
23040;2.3090000153;13794;661;30;184320;185794560000;10090936
23168;2.3420000076;13686;827;29;185344;187864678400;9980767
23296;2.3740000725;15053;695;28;186368;189946265600;10153037
23424;2.3820002079;13550;714;22;187392;192039321600;10422415
23552;2.2460000515;14065;718;17;188416;194143846400;10256943
23680;2.2050001621;14322;821;28;189440;196259840000;10319838
23808;2.2460000515;15869;928;24;190464;198387302400;10462505
23936;2.2840001583;16838;885;19;191488;200526233600;10625523
24064;2.2680001259;15134;759;18;192512;202676633600;10508070
24192;2.2900002003;14615;817;30;193536;204838502400;10578060
24320;2.3560001850;16603;876;21;194560;207011840000;11016112
24448;2.2350001335;14030;775;32;195584;209196646400;10499226
24576;2.3350000381;17498;783;32;196608;211392921600;11029838
24704;2.2540001869;14316;972;19;197632;213600665600;10685643
24832;2.2250001431;15088;834;27;198656;215819878400;10706218
24960;2.2620000839;15112;842;24;199680;218050560000;10797150
25088;2.3250000477;16125;831;27;200704;220292710400;11088723
25216;2.2950000763;15106;1031;32;201728;222546329600;10954737
25344;2.2860000134;15196;835;28;202752;224811417600;11159454
25472;2.2760000229;15836;789;20;203776;227087974400;11332215
25600;2.3570001125;19688;886;24;204800;229376000000;11690419
25728;2.3630001545;18910;961;11;205824;231675494400;11515053
25856;2.3620002270;21522;905;17;206848;233986457600;11941832
25984;2.1830000877;17236;1045;20;207872;236308889600;11404273
26112;2.2750000954;19268;921;19;208896;238642790400;11783436
26240;2.2980000973;17598;844;23;209920;240988160000;11855671
26368;2.2750000954;16625;857;29;210944;243344998400;11512704
26496;2.3230001926;15592;930;27;211968;245713305600;11586475
26624;2.3420000076;18397;763;17;212992;248093081600;11913238
26752;2.3640000820;19355;938;13;214016;250484326400;12105135
26880;2.3280000687;17729;915;19;215040;252887040000;11875209
27008;2.3170001507;16650;791;21;216064;255301222400;12040986
27136;2.3640000820;21121;955;20;217088;257726873600;12488003
27264;2.2700002193;19693;1108;22;218112;260163993600;12177307
27392;1.7800000906;16964;891;21;219136;262612582400;11962431
27520;3.4110002518;22089;889;29;220160;265072640000;12556717
27648;1.9350000620;15934;920;20;221184;267544166400;11985342
27776;2.3350000381;22745;988;15;222208;270027161600;12866175
27904;1.8420001268;18872;753;22;223232;272521625600;12492035
28032;1.9200000763;18650;751;23;224256;275027558400;12557573
28160;2.6310000420;22110;1095;19;225280;277544960000;12887862
28288;2.7860000134;20153;1034;23;226304;280073830400;12796541
28416;1.8700001240;18705;742;17;227328;282614169600;12582074
28544;2.7500002384;21699;947;31;228352;285165977600;13077035
28672;2.2060000896;24235;959;22;229376;287729254400;13243331
28800;2.7950000763;22435;943;20;230400;290304000000;13288689
28928;3.5080001354;18831;630;16;231424;292890214400;12939540
29056;2.2039999962;21187;1133;28;232448;295487897600;13197472
29184;3.1000001431;19096;1154;21;233472;298097049600;13167220
29312;1.9490001202;20464;924;30;234496;300717670400;13125713
29440;2.3250000477;18347;912;21;235520;303349760000;12783792
29568;2.4860000610;21672;781;26;236544;305993318400;13345040
29696;2.0080001354;22490;837;26;237568;308648345600;13589661
29824;1.9700001478;19279;730;24;238592;311314841600;13299897
29952;1.9560000896;20558;669;19;239616;313992806400;13212620
30080;2.0610001087;25015;750;21;240640;316682240000;13980448
30208;2.0730001926;25552;1004;23;241664;319383142400;14039690
30336;2.3930001259;21333;1075;23;242688;322095513600;13606848
30464;2.1640000343;29881;1135;20;243712;324819353600;14710643
30592;4.0560002327;19605;834;25;244736;327554662400;13456425
30720;3.8100001812;21721;1016;18;245760;330301440000;13971667
30848;1.9860000610;17747;669;22;246784;333059686400;13387155
30976;2.0930001736;24025;916;21;247808;335829401600;14148949
31104;3.5760002136;20454;986;14;248832;338610585600;13656841
31232;2.8980002403;18236;1146;14;249856;341403238400;13665935
31360;3.3700001240;21709;792;22;250880;344207360000;14082989
31488;3.6140000820;21806;1193;26;251904;347022950400;13835346
31616;2.1150000095;23818;762;18;252928;349850009600;14324207
31744;2.1470000744;24929;844;18;253952;352688537600;14592336
31872;2.1260001659;22922;899;23;254976;355538534400;14323675
32000;2.8490002155;23240;782;25;256000;358400000000;14474108
32128;2.2670001984;22343;751;24;257024;361272934400;14214636
32256;3.2800002098;24254;963;16;258048;364157337600;14587122
32384;2.4120001793;22989;791;22;259072;367053209600;14431736
32512;3.2930002213;28194;799;21;260096;369960550400;15231189
32640;2.4590001106;26035;891;19;261120;372879360000;15143880
32768;3.3030002117;22080;670;26;262144;375809638400;14703848
32896;2.3110001087;21551;1049;19;263168;378751385600;14491512
33024;3.1970002651;25066;951;25;264192;381704601600;15203463
33152;2.2110002041;23352;797;23;265216;384669286400;14958834
33280;3.0820002556;23589;939;20;266240;387645440000;15145228
33408;2.2210001945;23326;822;23;267264;390633062400;15049649
33536;3.3980002403;29315;1067;17;268288;393632153600;15657731
33664;2.2740001678;23137;851;14;269312;396642713600;15054196
33792;3.4130001068;24128;787;16;270336;399664742400;15206224
33920;2.4880001545;21314;818;18;271360;402698240000;14908939
34048;3.3530001640;24415;891;28;272384;405743206400;15420859
34176;2.6370000839;24613;976;25;273408;408799641600;15387164
34304;2.2280001640;21895;970;27;274432;411867545600;14995605
34432;2.2480001450;23563;763;21;275456;414946918400;15191812
34560;2.3570001125;26992;738;18;276480;418037760000;15976641
34688;4.2600002289;26433;952;24;277504;421140070400;15765975
34816;4.1480002403;23883;890;22;278528;424253849600;15583172
34944;2.7710001469;23878;1131;21;279552;427379097600;15671553
35072;2.2920000553;22318;834;22;280576;430515814400;15464726
35200;3.9290001392;28779;1131;13;281600;433664000000;16298912
35328;3.3120002747;22936;1155;23;282624;436823654400;15734827
35456;2.3580000401;26265;739;29;283648;439994777600;15997787
35584;2.3760001659;24748;781;19;284672;443177369600;16058331
35712;4.4440002441;30337;986;21;285696;446371430400;16902963
35840;3.8780002594;28024;1267;17;286720;449576960000;16461174
35968;3.2200002670;27975;1167;16;287744;452793958400;16291040
36096;2.4210000038;25483;904;18;288768;456022425600;16352074
36224;3.9130001068;23373;1245;22;289792;459262361600;16263674
36352;3.5480000973;24438;1180;23;290816;462513766400;16235987
36480;2.4500000477;27026;878;16;291840;465776640000;16568508
36608;2.4520001411;28051;808;23;292864;469050982400;16616131
36736;4.2860002518;32245;1022;26;293888;472336793600;16907627
36864;4.0610003471;31673;1191;14;294912;475634073600;17224676
36992;3.2180001736;25387;1176;21;295936;478942822400;16795305
37120;2.5610001087;30626;903;15;296960;482263040000;17368251
37248;4.0690002441;26856;1037;29;297984;485594726400;16870464
37376;3.8510000706;29294;1053;24;299008;488937881600;17291135
37504;2.5860002041;31952;888;22;300032;492292505600;17549431
37632;2.5700001717;30829;1028;31;301056;495658598400;17352849
37760;4.1200003624;29506;1326;18;302080;499036160000;17249384
37888;3.8020002842;26759;990;25;303104;502425190400;16907114
38016;3.5330002308;29315;1244;19;304128;505825689600;17376991
38144;2.7420001030;29813;964;24;305152;509237657600;17863184
38272;3.9580001831;31139;1144;22;306176;512661094400;17617609
38400;6.7090001106;27829;1342;16;307200;516096000000;17369775
38528;2.6300001144;29096;867;27;308224;519542374400;17871696
38656;2.6150000095;30323;858;19;309248;523000217600;17742234
38784;4.3140001297;27880;1048;22;310272;526469529600;17569074
38912;3.7940001488;33398;1208;20;311296;529950310400;17962980
39040;4.0910000801;31684;1087;26;312320;533442560000;18233319
39168;3.4010002613;28477;1172;25;313344;536946278400;17715699
39296;3.3700001240;30522;1081;17;314368;540461465600;17969144
39424;4.0199999809;31565;1164;24;315392;543988121600;18151544
39552;3.4830002785;26505;1095;18;316416;547526246400;17748821
39680;2.6700000763;28602;1137;13;317440;551075840000;18036971
39808;3.5810000896;28620;1362;21;318464;554636902400;17917040
39936;3.5460002422;32395;1307;20;319488;558209433600;18547002
40064;3.3350002766;33939;1243;27;320512;561793433600;18847864
40192;4.1370000839;31093;1095;24;321536;565388902400;18397482
40320;2.6660001278;28720;1116;28;322560;568995840000;17981194
40448;2.8700001240;40551;999;14;323584;572614246400;19590697
40576;2.7670001984;32266;996;20;324608;576244121600;18759755
40704;2.7150001526;30113;1332;23;325632;579885465600;18348019
40832;3.4600002766;30397;1297;22;326656;583538278400;18715449
40960;4.3900003433;32464;1206;18;327680;587202560000;18892061
41088;3.6910002232;31421;1319;27;328704;590878310400;18690776
41216;2.8670001030;35834;1104;12;329728;594565529600;19446308
41344;2.7530000210;26764;1180;31;330752;598264217600;18485559
41472;4.0060000420;30913;1223;15;331776;601974374400;18881038
41600;3.9130001068;34882;1238;13;332800;605696000000;19313275
41728;4.1940002441;34110;1168;25;333824;609429094400;19395432
41856;3.7170002460;33842;1289;21;334848;613173657600;19458133
41984;2.8080000877;31799;1049;27;335872;616929689600;19039903
42112;2.9020001888;35023;1472;27;336896;620697190400;19611639
42240;3.6680002213;32126;1287;22;337920;624476160000;19402337
42368;2.9390001297;37893;1083;19;338944;628266598400;20052407
42496;4.3410000801;30512;1145;21;339968;632068505600;19395915
42624;3.6020002365;39746;1560;20;340992;635881881600;20404003
42752;4.7070002556;27323;1202;18;342016;639706726400;18696156
42880;4.3700003624;29411;1465;19;343040;643543040000;19210117
43008;4.5690002441;39858;1517;25;344064;647390822400;20429158
43136;4.5710000992;32493;1082;18;345088;651250073600;19540153
43264;4.1940002441;34005;1433;25;346112;655120793600;19955186
43392;5.1130003929;31617;1292;26;347136;659002982400;19908971
43520;3.4090001583;33577;1005;17;348160;662896640000;20053911
43648;3.3210000992;37286;1393;21;349184;666801766400;20382908
43776;4.4030003548;37091;1512;30;350208;670718361600;20280487
43904;5.0850000381;47308;1801;30;351232;674646425600;21769230
44032;2.9610002041;34009;1035;22;352256;678585958400;19941990
44160;3.5070002079;31697;1209;29;353280;682536960000;19919050
44288;5.0720000267;41367;1552;23;354304;686499430400;21165605
44416;2.9500000477;30544;996;20;355328;690473369600;19903580
44544;3.4760000706;33218;990;28;356352;694458777600;20271085
44672;4.6850004196;41797;1250;18;357376;698455654400;21142382
44800;3.0260002613;35484;1285;25;358400;702464000000;20462447
44928;4.5060000420;38008;1213;24;359424;706483814400;20876626
45056;4.1490001678;42405;1318;26;360448;710515097600;21543233
45184;3.0740001202;36404;1201;19;361472;714557849600;20821929
45312;4.3440003395;35898;1240;23;362496;718612070400;20796747
45440;4.2420001030;33884;1521;26;363520;722677760000;20698417
45568;3.1000001431;36417;1346;23;364544;726754918400;21065228
45696;4.4869999886;33540;1270;24;365568;730843545600;20676873
45824;4.1199340820;40174;1518;22;366592;734943641600;21564423
45952;3.1960000992;39417;1567;17;367616;739055206400;21655895
46080;3.1010000706;33943;1312;22;368640;743178240000;21007132
46208;4.3050003052;48837;1675;30;369664;747312742400;22655513
46336;4.4000000954;40347;1491;15;370688;751458713600;21769771
46464;3.1570000648;36558;1371;24;371712;755616153600;21398085
46592;3.4940001965;34953;1240;17;372736;759785062400;21381792
46720;3.1520001888;35012;1286;17;373760;763965440000;21318386
46848;3.1580002308;35374;1105;20;374784;768157286400;21404119
46976;3.1310000420;34754;1287;21;375808;772360601600;21196605
47104;3.2890002728;42781;1337;13;376832;776575385600;22321564
47232;3.2130000591;37016;1383;16;377856;780801638400;21767836
47360;3.3030002117;44023;1366;23;378880;785039360000;22418597
47488;3.2420001030;38568;1536;25;379904;789288550400;21976993
47616;3.2570002079;39662;1453;30;380928;793549209600;22059353
47744;3.2600002289;38755;1454;21;381952;797821337600;22049685
47872;3.2350001335;35765;1292;21;382976;802104934400;21902665
48000;5.2950000763;35234;1347;17;384000;806400000000;21966447
48128;3.2560000420;38180;1356;28;385024;810706534400;22013981
48256;4.6010003090;42814;1426;26;386048;815024537600;22699573
48384;3.3310000896;40546;1400;24;387072;819354009600;22565698
48512;4.6230001450;36913;1515;21;388096;823694950400;22073583
48640;3.3420002460;40814;1138;20;389120;828047360000;22670817
48768;4.3870000839;39458;1581;26;390144;832411238400;22222816
48896;3.3620002270;42244;1380;12;391168;836786585600;22745922
49024;4.2000002861;38761;1454;14;392192;841173401600;22710882
49152;5.5880002975;44342;1746;23;393216;845571686400;23286345
49280;3.7160000801;41248;1471;17;394240;849981440000;22930482
49408;3.6410002708;42584;1247;21;395264;854402662400;22975866
49536;5.1040000916;40111;1608;29;396288;858835353600;22960139
49664;3.4480001926;42091;1473;18;397312;863279513600;23279396
49792;4.3870000839;47473;1357;32;398336;867735142400;23654250
49920;4.3350000381;44811;1483;27;399360;872202240000;23643280
50048;3.3910002708;38669;1687;24;400384;876680806400;22992908
50176;5.2910003662;38082;1598;19;401408;881170841600;22799128
50304;3.4710001945;44649;1398;24;402432;885672345600;23642598
50432;5.5040001869;40857;1631;23;403456;890185318400;23285754
50560;3.3470001221;36700;1372;17;404480;894709760000;22539136
50688;5.5270004272;53159;1590;17;405504;899245670400;24823883
50816;3.4910001755;43793;1511;20;406528;903793049600;23593739
50944;5.3230004311;55281;2219;19;407552;908351897600;25285831
51072;3.5310001373;44659;1587;21;408576;912922214400;23977043
51200;5.6570000648;49666;1928;21;409600;917504000000;24616741
51328;3.6660001278;51025;1694;25;410624;922097254400;24916750
51456;5.5160002708;49599;1758;38;411648;926701977600;24799587
51584;3.5170001984;41885;1416;22;412672;931318169600;23847718
51712;5.1440000534;47220;1557;23;413696;935945830400;24590990
51840;3.5850002766;45884;1535;27;414720;940584960000;24270126
51968;5.4520001411;45447;1878;26;415744;945235558400;24504888
52096;3.6040000916;43668;1611;26;416768;949897625600;24413256
52224;5.4510002136;39861;1636;21;417792;954571161600;23821072
52352;3.5030002594;37617;1403;15;418816;959256166400;23625072
52480;5.4190001488;39775;1559;23;419840;963952640000;24072486
52608;3.5700001717;40973;1490;11;420864;968660582400;24145886
52736;5.5680003166;48485;2301;21;421888;973379993600;24999785
52864;3.5040001869;37595;1337;28;422912;978110873600;23602915
52992;5.3439331055;40625;1798;23;423936;982853222400;24200882
53120;3.6570000648;46621;1461;18;424960;987607040000;24784131
53248;5.3950004578;42124;1952;24;425984;992372326400;24674316
53376;3.6140000820;41886;1425;33;427008;997149081600;24519566
53504;5.5740003586;59283;2274;23;428032;1001937305600;26588761
53632;3.6920001507;46184;1645;24;429056;1006736998400;25076353
53760;5.1990003586;52979;1807;22;430080;1011548160000;26066228
53888;3.6670000553;43198;1219;25;431104;1016370790400;24858173
54016;4.7350001335;52303;1685;17;432128;1021204889600;25767917
54144;3.7330002785;46214;1403;16;433152;1026050457600;25368293
54272;3.6520001888;42034;1289;27;434176;1030907494400;24696944
54400;3.8720002174;54687;1830;17;435200;1035776000000;26283795
54528;3.6870002747;43483;1567;15;436224;1040655974400;24971299
54656;3.7550001144;45051;1450;27;437248;1045547417600;25453916
54784;3.6880002022;41023;1118;27;438272;1050450329600;24920474
54912;4.9050002098;42210;1384;27;439296;1055364710400;24901212
55040;4.0440001488;47079;1802;19;440320;1060290560000;25737539
55168;3.9620001316;57182;1639;25;441344;1065227878400;26971094
55296;3.7380001545;43076;1562;15;442368;1070176665600;25270558
55424;4.9220004082;44632;1373;23;443392;1075136921600;25632403
55552;4.7470002174;45020;1625;20;444416;1080108646400;25647850
55680;3.8080000877;46275;1526;19;445440;1085091840000;25848227
55808;3.8230001926;45612;1658;21;446464;1090086502400;25998497
55936;3.8970000744;48717;1458;19;447488;1095092633600;26401902
56064;3.7640001774;42629;1556;23;448512;1100110233600;25421739
56192;3.8230001926;44670;1211;26;449536;1105139302400;25898580
56320;5.1960000992;51281;1625;19;450560;1110179840000;26691234
56448;3.8090002537;43258;1641;22;451584;1115231846400;25737805
56576;4.9830002785;46617;1598;24;452608;1120295321600;26351769
56704;3.9330000877;49935;1499;30;453632;1125370265600;26646001
56832;4.1510000229;42802;1468;21;454656;1130456678400;26061101
56960;4.1870002747;47681;1299;21;455680;1135554560000;26467284
57088;4.1150002480;47184;1560;18;456704;1140663910400;26608411
57216;3.9510002136;49379;1856;24;457728;1145784729600;26830917
57344;3.8780002594;44090;1697;13;458752;1150917017600;26353990
57472;4.0260000229;54238;2043;23;459776;1156060774400;27373272
57600;3.9960002899;52253;1492;18;460800;1161216000000;27164838
57728;4.0140004158;50590;1812;25;461824;1166382694400;27255012
57856;4.0490002632;47534;1434;17;462848;1171560857600;26821925
57984;4.0280003548;52190;1644;24;463872;1176750489600;27433000
58112;3.9650001526;48590;1308;27;464896;1181951590400;26911415
58240;4.0520000458;51198;1772;29;465920;1187164160000;27464846
58368;4.0859999657;53222;1546;24;466944;1192388198400;27795805
58496;4.2350001335;63078;2120;23;467968;1197623705600;28918619
58624;4.1119999886;53684;1735;27;468992;1202870681600;27925595
58752;4.1010003090;51730;1273;18;470016;1208129126400;27792820
58880;4.1170001030;53505;1930;27;471040;1213399040000;27948465
59008;4.1260004044;53329;1355;25;472064;1218680422400;27973758
59136;4.0630002022;48562;1720;26;473088;1223973273600;27618686
59264;4.1909999847;57852;2233;21;474112;1229277593600;28523880
59392;4.2460002899;58381;1671;18;475136;1234593382400;28949522
59520;5.0690002441;50609;1824;10;476160;1239920640000;27649383
59648;4.0670003891;49417;1497;24;477184;1245259366400;27626607
59776;4.0540003777;47302;1756;19;478208;1250609561600;27450845
59904;4.4560003281;70832;2225;24;479232;1255971225600;30486951
60032;4.0789999962;48697;1370;24;480256;1261344358400;27640219
60160;4.1270003319;49970;1465;16;481280;1266728960000;27963275
60288;4.2730002403;53537;1622;31;482304;1272125030400;28391953
60416;4.7369999886;53342;1862;16;483328;1277532569600;28364603
60544;4.3090000153;59740;2101;26;484352;1282951577600;29281627
60672;4.2630000114;58953;1887;28;485376;1288382054400;29018582
60800;6.0560002327;55116;2042;27;486400;1293824000000;28934432
60928;6.0980005264;49771;2000;26;487424;1299277414400;28031866
61056;4.2800002098;56194;1923;14;488448;1304742297600;29190761
61184;4.2239999771;52928;1811;30;489472;1310218649600;28648078
61312;4.7670001984;69020;2268;20;490496;1315706470400;30283541
61440;4.2180004120;50734;1417;17;491520;1321205760000;28585450
61568;4.2310004234;52430;1754;25;492544;1326716518400;28767169
61696;4.2280001640;53303;1549;22;493568;1332238745600;28683162
61824;4.1800003052;47984;1768;25;494592;1337772441600;28331182
61952;4.4730000496;53775;1525;19;495616;1343317606400;29051114
62080;4.3630003929;62653;1832;28;496640;1348874240000;29753592
62208;5.2450003624;60319;1814;21;497664;1354442342400;29994690
62336;4.5250000954;50509;1619;25;498688;1360021913600;28621288
62464;5.4030003548;56726;1799;18;499712;1365612953600;29781394
62592;4.2970004082;53465;1478;26;500736;1371215462400;29221383
62720;4.3340001106;54072;1928;26;501760;1376829440000;29327835
62848;4.3430004120;53570;1689;20;502784;1382454886400;29411071
62976;4.6800003052;55974;1573;17;503808;1388091801600;29639527
63104;4.3130002022;51124;1660;14;504832;1393740185600;29254421
63232;5.2050004005;68879;2047;25;505856;1399400038400;31530471
63360;4.4200000763;56625;1520;29;506880;1405071360000;29982958
63488;5.7270002365;60082;2018;15;507904;1410754150400;30405971
63616;5.6400003433;56986;1857;22;508928;1416448409600;29983747
63744;4.4270000458;58820;1824;29;509952;1422154137600;30145367
63872;4.4010000229;55068;1831;23;510976;1427871334400;29762548
64000;4.4710001945;56144;1655;18;512000;1433600000000;30268705
64128;4.5810003281;65192;1912;24;513024;1439340134400;31224362
64256;5.2450003624;56073;1840;29;514048;1445091737600;29997860
64384;4.9040002823;59734;2003;25;515072;1450854809600;30276986
64512;4.8750000000;61612;2253;31;516096;1456629350400;30793337
64640;4.3700003624;51573;1545;27;517120;1462415360000;29541833
64768;4.4320001602;53626;1586;18;518144;1468212838400;30049434
64896;4.4990000725;58985;1927;19;519168;1474021785600;30543577
65024;4.7270002365;51181;1571;32;520192;1479842201600;29853835
65152;4.5620002747;60906;2111;32;521216;1485674086400;31000194
65280;5.3250002861;53356;1724;27;522240;1491517440000;30389782
65408;4.7060003281;62016;2039;16;523264;1497372262400;31271476
65536;5.6790003777;56537;1661;25;524288;1503238553600;30546746
65664;5.3080000877;65993;2255;25;525312;1509116313600;31541793
65792;4.8310003281;73896;2627;26;526336;1515005542400;33004884
65920;4.4620003700;51114;1664;29;527360;1520906240000;30234048
66048;4.5500001907;53277;1603;15;528384;1526818406400;30097327
66176;4.5580000877;56399;2021;30;529408;1532742041600;30866175
66304;5.8580002785;75856;2335;24;530432;1538677145600;33219652
66432;5.6750001907;59671;1949;28;531456;1544623718400;31427644
66560;4.6490001678;58784;1646;27;532480;1550581760000;31538646
66688;4.6330003738;58842;1998;24;533504;1556551270400;31598140
66816;4.6140003204;58215;1808;24;534528;1562532249600;31299980
66944;4.7470002174;63593;1647;28;535552;1568524697600;32365513
67072;5.7050004005;56615;2436;26;536576;1574528614400;31285552
67200;5.6450004578;61029;2067;23;537600;1580544000000;31917015
67328;4.6520004272;61102;1755;17;538624;1586570854400;31700026
67456;4.7070002556;62643;1994;25;539648;1592609177600;32007423
67584;5.5350003242;57217;1736;24;540672;1598658969600;31719941
67712;5.6730003357;72088;2143;24;541696;1604720230400;33422304
67840;4.5700001717;53406;1666;16;542720;1610792960000;31261826
67968;4.7890000343;64767;2094;20;543744;1616877158400;32580954
68096;4.8080000877;64237;1850;25;544768;1622972825600;32748728
68224;4.7290000916;61033;1660;34;545792;1629079961600;32174373
68352;5.8430004120;56829;1902;28;546816;1635198566400;32045625
68480;5.6650004387;61161;1868;21;547840;1641328640000;32672877
68608;4.7670001984;60615;1675;15;548864;1647470182400;32475223
68736;4.7829999924;61328;1761;19;549888;1653623193600;32568335
68864;5.3340001106;72865;1906;26;550912;1659787673600;33925285
68992;4.8880000114;67873;2023;24;551936;1665963622400;33322920
69120;5.6290001869;65864;2128;20;552960;1672151040000;33356466
69248;4.6590003967;53151;1712;19;553984;1678349926400;31745166
69376;5.3770003319;97372;3296;20;555008;1684560281600;36968061
69504;4.8380002975;60913;1673;17;556032;1690782105600;32901703
69632;5.4570002556;64522;1921;34;557056;1697015398400;32866676
69760;4.8040003777;61712;2098;25;558080;1703260160000;32657528
69888;4.8560004234;56446;1859;28;559104;1709516390400;32213706
70016;4.8140001297;61165;1906;30;560128;1715784089600;32611821
70144;6.0760002136;65971;2234;20;561152;1722063257600;33688733
70272;5.4580001831;65267;1652;29;562176;1728353894400;33646528
70400;4.8590002060;63804;1927;26;563200;1734656000000;32995613
70528;4.9360003471;64753;2306;31;564224;1740969574400;33499601
70656;6.0010004044;73823;2801;30;565248;1747294617600;34588332
70784;5.8930001259;69980;1852;22;566272;1753631129600;34097007
70912;4.9430003166;61945;1771;20;567296;1759979110400;33534615
71040;5.0120000839;65605;1997;19;568320;1766338560000;34101001
71168;5.9320001602;66279;2356;25;569344;1772709478400;34070606
71296;5.6980004311;59292;1714;25;570368;1779091865600;33226102
71424;5.0200004578;66564;2003;32;571392;1785485721600;34161985
71552;5.1140003204;72662;2257;26;572416;1791891046400;34836028
71680;5.9250001907;59508;1678;15;573440;1798307840000;33468682
71808;5.5240001678;70547;1883;20;574464;1804736102400;34690384
71936;5.0800004005;68246;2512;26;575488;1811175833600;34510517
72064;5.0300002098;62396;2306;30;576512;1817627033600;34285187
72192;5.8880004883;59252;1825;20;577536;1824089702400;33247708
72320;5.7750000954;71907;2292;18;578560;1830563840000;34799489
72448;5.0270004272;62475;2182;21;579584;1837049446400;34107597
72576;5.1250004768;69627;2364;12;580608;1843546521600;34877932
72704;5.9720001221;62880;1971;29;581632;1850055065600;33984126
72832;5.1250004768;65954;1947;25;582656;1856575078400;34362038
72960;4.9790000916;58580;1887;20;583680;1863106560000;33763918
73088;5.0540003777;63647;1890;28;584704;1869649510400;34393328
73216;6.1580004692;73838;2202;25;585728;1876203929600;35603326
73344;5.0180001259;62107;1832;26;586752;1882769817600;34168041
73472;5.4770002365;87752;2709;18;587776;1889347174400;37456805
73600;5.0290002823;63601;1884;17;588800;1895936000000;34323915
73728;5.2570004463;74252;2066;18;589824;1902536294400;35842007
73856;10.4110002518;84000;3145;16;590848;1909148057600;37083150
73984;5.2770004272;75832;2439;39;591872;1915771289600;35974223
74112;5.9320001602;68544;2456;27;592896;1922405990400;35320935
74240;6.0600004196;72917;2343;23;593920;1929052160000;35863918
74368;5.2930002213;74444;2650;29;594944;1935709798400;36052861
74496;5.2520003319;71999;2291;15;595968;1942378905600;35729140
74624;5.9040002823;66692;2253;23;596992;1949059481600;34995143
74752;6.0100002289;65527;2213;24;598016;1955751526400;35026635
74880;5.2920002937;70680;2313;34;599040;1962455040000;35969794
75008;5.1740002632;62185;2179;25;600064;1969170022400;35109338
75136;6.2100005150;73199;2158;18;601088;1975896473600;36348157
75264;5.2110004425;67255;1853;26;602112;1982634393600;35478865
75392;5.3160004616;69081;2026;25;603136;1989383782400;36210668
75520;5.2620000839;68447;2079;25;604160;1996144640000;35760045
75648;5.3740000725;74130;2001;23;605184;2002916966400;36615987
75776;5.2290000916;65899;2572;29;606208;2009700761600;35428933
75904;6.1040000916;67040;1944;28;607232;2016496025600;35786900
76032;5.3810000420;75925;2712;63;608256;2023302758400;36550324
76160;5.2690000534;66801;2390;28;609280;2030120960000;35865880
76288;5.4060001373;73757;2209;24;610304;2036950630400;36714678
76416;6.3830003738;79211;2912;23;611328;2043791769600;37395808
76544;6.0380001068;72279;2040;26;612352;2050644377600;36430426
76672;5.4310002327;72528;2253;25;613376;2057508454400;36906749
76800;5.3470001221;69136;1983;16;614400;2064384000000;36352017
76928;6.1140003204;74280;2531;31;615424;2071271014400;36893571
77056;5.3860001564;71634;2257;24;616448;2078169497600;36649798
77184;6.1960000992;77223;2131;28;617472;2085079449600;37073470
77312;5.5100002289;76795;2464;34;618496;2092000870400;37536126
77440;5.4740004539;74640;2177;18;619520;2098933760000;37306026
77568;5.5960001945;73644;2248;29;620544;2105878118400;37158191
77696;5.5240001678;76100;2427;22;621568;2112833945600;37713104
77824;5.4530000687;73034;2267;21;622592;2119801241600;37107254
77952;6.1720004082;70609;2545;24;623616;2126780006400;36560555
78080;5.9470005035;77730;2356;25;624640;2133770240000;37850292
78208;5.4060001373;68660;2157;15;625664;2140771942400;36818459
78336;5.5800004005;78069;2336;30;626688;2147785113600;38025776
78464;6.3000001907;77455;2068;34;627712;2154809753600;37869862
78592;5.5330004692;74073;2310;22;628736;2161845862400;37662428
78720;6.1190004349;65414;2186;26;629760;2168893440000;36644990
78848;5.9290003777;75165;2482;28;630784;2175952486400;37746956
78976;5.4330000877;67271;2093;32;631808;2183023001600;36910400
79104;5.4300003052;68212;1809;33;632832;2190104985600;36897887
79232;6.0410003662;73412;2329;21;633856;2197198438400;37520196
79360;5.5620002747;74931;2402;28;634880;2204303360000;37921116
79488;6.2300004959;70423;2040;25;635904;2211419750400;37385128
79616;5.5570001602;75222;2135;28;636928;2218547609600;37800148
79744;6.2440004349;73752;2528;17;637952;2225686937600;37776985
79872;5.6310000420;76350;2030;21;638976;2232837734400;38400222
80000;5.5030002594;69132;1702;28;640000;2240000000000;37401199
80128;5.6670002937;80969;2527;22;641024;2247173734400;38686811
80256;5.4770002365;67753;1853;18;642048;2254358937600;37218458
80384;5.5320000648;67661;1915;26;643072;2261555609600;37543860
80512;5.6710004807;75401;2388;27;644096;2268763750400;38740237
80640;5.6490001678;71114;1883;22;645120;2275983360000;38481747
80768;5.7790002823;78658;2534;29;646144;2283214438400;39011807
80896;5.7400002480;78322;2330;17;647168;2290456985600;39050190
81024;5.6970005035;77245;2434;17;648192;2297711001600;38745918
81152;5.7430005074;78900;2227;25;649216;2304976486400;39128896
81280;5.7070002556;75777;2230;21;650240;2312253440000;38911891
81408;5.8060002327;82407;2390;19;651264;2319541862400;39447610
81536;5.7960004807;81407;2436;16;652288;2326841753600;39535789
81664;6.0050001144;91923;2793;24;653312;2334153113600;41059835
81792;5.8310003281;80422;2294;21;654336;2341475942400;39825324
81920;5.8700003624;83567;2908;20;655360;2348810240000;39999552
82048;6.4400005341;71032;2181;29;656384;2356156006400;38535597
82176;6.1570000648;76925;2575;23;657408;2363513241600;39344973
82304;6.7000002861;83241;2669;20;658432;2370881945600;39815528
82432;5.8510003090;80734;2425;19;659456;2378262118400;39859105
82560;5.6880002022;73251;2055;25;660480;2385653760000;38735657
82688;5.7720003128;75860;2264;24;661504;2393056870400;39237714
82816;5.9770002365;77891;2633;17;662528;2400471449600;39796319
82944;5.7930002213;76745;2271;27;663552;2407897497600;39333110
83072;6.0080003738;88890;2459;22;664576;2415335014400;41106009
83200;5.7860002518;75479;2378;35;665600;2422784000000;39283728
83328;5.8450002670;79750;2504;27;666624;2430244454400;39803306
83456;5.8530001640;78317;2329;29;667648;2437716377600;39724947
83584;5.9580001831;83628;2304;18;668672;2445199769600;40676983
83712;6.2300004959;94272;3649;18;669696;2452694630400;41976502
83840;6.4350004196;114299;3940;21;670720;2460200960000;44158839
83968;6.1919555664;96253;2674;25;671744;2467718758400;42412395
84096;6.1370000839;93465;3097;19;672768;2475248025600;41936864
84224;5.9240002632;80616;1982;23;673792;2482788761600;40239176
84352;5.9460000992;79836;2204;25;674816;2490340966400;40451975
84480;5.9250001907;81305;2158;21;675840;2497904640000;40390807
84608;6.0420002937;83481;2435;24;676864;2505479782400;41100053
84736;5.9260001183;77537;2278;22;677888;2513066393600;40343793
84864;5.9360003471;80141;2168;31;678912;2520664473600;40332878
84992;5.9810004234;81477;2398;35;679936;2528274022400;40694671
85120;6.0010004044;81146;2105;15;680960;2535895040000;40890765
85248;6.8240003586;87504;2385;21;681984;2543527526400;41604766
85376;8.5260000229;81237;2731;18;683008;2551171481600;40676744
85504;5.8650002480;73416;1956;32;684032;2558826905600;39909862
85632;6.0830001831;85091;2464;25;685056;2566493798400;41355087
85760;5.9370002747;75551;2419;24;686080;2574172160000;40379235
85888;6.1620001793;89204;2400;23;687104;2581861990400;42062052
86016;6.0670003891;82922;2609;25;688128;2589563289600;41320110
86144;6.0180001259;79001;2121;27;689152;2597276057600;40987192
86272;6.1510004997;88433;2705;21;690176;2605000294400;41918177
86400;6.2060003281;90741;2659;35;691200;2612736000000;42328061
86528;6.0040001869;78208;2169;26;692224;2620483174400;40843155
86656;6.1690001488;89373;2840;24;693248;2628241817600;42020145
86784;6.1910004616;86433;2471;30;694272;2636011929600;42210112
86912;6.1170001030;78488;2488;30;695296;2643793510400;41729760
87040;6.0450000763;76567;2271;21;696320;2651586560000;41107524
87168;6.3450002670;95987;3352;21;697344;2659391078400;43422131
87296;5.9690003395;74265;2050;27;698368;2667207065600;40589346
87424;6.3450002670;94612;2852;21;699392;2675034521600;43392535
87552;6.1790003777;85668;2284;19;700416;2682873446400;42136529
87680;6.2040004730;86462;2368;16;701440;2690723840000;42315808
87808;6.0520005226;77697;2146;26;702464;2698585702400;41198851
87936;6.4180002213;96898;3045;25;703488;2706459033600;43915947
88064;6.2460002899;87904;2649;28;704512;2714343833600;42468830
88192;6.1600003242;81899;2402;27;705536;2722240102400;41925177
88320;6.3250002861;90271;2621;29;706560;2730147840000;43135008
88448;6.4960002899;101846;3176;30;707584;2738067046400;44383352
88576;6.1950001717;81959;2242;28;708608;2745997721600;42221109
88704;6.1550002098;80279;2133;27;709632;2753939865600;41840162
88832;6.3390002251;89728;2401;34;710656;2761893478400;43209900
88960;6.3190002441;87479;3068;22;711680;2769858560000;42992429
89088;6.3620004654;87101;2175;28;712704;2777835110400;43390853
89216;6.3410000801;91389;2486;28;713728;2785823129600;43216852
89344;6.4430003166;94655;2665;30;714752;2793822617600;43876670
89472;6.3310003281;87409;2931;29;715776;2801833574400;43126160
89600;6.3140001297;85345;2554;22;716800;2809856000000;42818746
89728;6.3090004921;84899;2211;23;717824;2817889894400;42998028
89856;6.6350002289;105907;3400;17;718848;2825935257600;45439566
89984;6.2780003548;81577;2356;25;719872;2833992089600;42569355
90112;6.3510003090;87111;2352;29;720896;2842060390400;43224553
90240;6.4250001907;90842;2427;20;721920;2850140160000;43894981
90368;6.3800001144;85466;2527;20;722944;2858231398400;43321116
90496;6.2700004578;82783;2458;26;723968;2866334105600;42744704
90624;6.3160004616;79225;2184;29;724992;2874448281600;42965977
90752;6.3950004578;85816;2314;30;726016;2882573926400;43398858
90880;8.7080001831;101421;3422;18;727040;2890711040000;45420770
91008;6.4590001106;88571;3051;31;728064;2898859622400;44037345
91136;6.5580000877;99070;2725;26;729088;2907019673600;45140914
91264;6.3840003014;84749;2115;29;730112;2915191193600;43597883
91392;6.7600002289;109244;3270;30;731136;2923374182400;46253833
91520;6.4760003090;91120;2569;29;732160;2931568640000;44163034
91648;6.5130004883;93687;2717;29;733184;2939774566400;44422571
91776;6.6190004349;97985;2997;26;734208;2947991961600;45144301
91904;6.5240001678;92561;3005;27;735232;2956220825600;44359979
92032;6.9790005684;102757;2808;26;736256;2964461158400;45584083
92160;6.7730002403;106673;3519;26;737280;2972712960000;46316016
92288;6.6360001564;98528;2701;28;738304;2980976230400;45391070
92416;6.4140005112;82795;2930;18;739328;2989250969600;43667367
92544;6.4590001106;81526;2440;39;740352;2997537177600;43794969
92672;6.5690002441;91348;2328;31;741376;3005834854400;44847475
92800;6.8200001717;105737;3028;16;742400;3014144000000;46609413
92928;6.4220004082;80389;2093;24;743424;3022464614400;43742785
93056;6.5940003395;92081;2858;27;744448;3030796697600;44841993
93184;6.6800003052;95587;2621;22;745472;3039140249600;45659552
93312;6.7940001488;87511;2907;21;746496;3047495270400;44184870
93440;6.7290000916;98208;3201;21;747520;3055861760000;45963576
93568;6.5180001259;86462;2422;27;748544;3064239718400;44375530
93696;6.5130004883;84624;2352;21;749568;3072629145600;44387759
93824;6.7710003853;102024;3039;30;750592;3081030041600;46321850
93952;6.5990004539;86821;2366;22;751616;3089442406400;45065919
94080;6.7580003738;88436;2576;29;752640;3097866240000;45170223
94208;6.7740001678;100636;2866;19;753664;3106301542400;46272059
94336;7.2520003319;97047;2663;24;754688;3114748313600;46404833
94464;6.6740002632;90343;2339;30;755712;3123206553600;45502324
94592;6.6380004883;90098;2935;20;756736;3131676262400;45095081
94720;6.6590003967;86663;2283;18;757760;3140157440000;45370259
94848;6.6620001793;89915;2754;28;758784;3148650086400;45366317
94976;6.7080001831;88830;2327;28;759808;3157154201600;45671695
95104;7.1640005112;96378;3086;31;760832;3165669785600;46666680
95232;6.7800002098;94620;2849;28;761856;3174196838400;46175750
95360;6.8820004463;97886;2493;33;762880;3182735360000;46884871
95488;6.6140003204;84250;2766;12;763904;3191285350400;44965620
95616;6.6090002060;86588;2553;21;764928;3199846809600;44917362
95744;6.6670002937;86241;2271;25;765952;3208419737600;45317301
95872;7.1370005608;94323;3087;26;766976;3217004134400;46487479
96000;6.9200005531;98978;2781;28;768000;3225600000000;47104877
96128;6.7480001450;92495;2863;20;769024;3234207334400;45899624
96256;6.8630003929;100019;2649;22;770048;3242826137600;46923045
96384;9.3120002747;95831;2700;19;771072;3251456409600;46560330
96512;6.8490004539;96886;3066;17;772096;3260098150400;46684234
96640;7.1730003357;113571;3579;17;773120;3268751360000;49047496
96768;7.2840003967;95032;2986;20;774144;3277416038400;46606764
96896;7.1080002785;111309;3253;32;775168;3286092185600;48604460
97024;7.0490002632;107507;2923;18;776192;3294779801600;48286599
97152;7.3750004768;98985;2773;24;777216;3303478886400;47616582
97280;6.8230004311;89775;2739;25;778240;3312189440000;46325875
97408;6.7950005531;88193;2609;31;779264;3320911462400;46192902
97536;7.0240001678;101623;2874;30;780288;3329644953600;47941985
97664;7.2330002785;97699;3820;21;781312;3338389913600;47331530
97792;6.8230004311;87513;2825;20;782336;3347146342400;46546266
97920;6.9480004311;95379;2848;14;783360;3355914240000;47381389
98048;6.8650002480;93546;2695;21;784384;3364693606400;46658549
98176;7.7500004768;115570;4141;30;785408;3373484441600;49796226
98304;7.1370005608;107931;3221;25;786432;3382286745600;48723443
98432;7.1840004921;109070;3479;29;787456;3391100518400;49003442
98560;6.9660005569;95915;2599;31;788480;3399925760000;47442406
98688;7.2600002289;91701;2881;33;789504;3408762470400;47313822
98816;7.1500005722;106583;3298;31;790528;3417610649600;48741603
98944;7.1200003624;101663;3035;29;791552;3426470297600;48583348
99072;7.2240004539;109388;3310;35;792576;3435341414400;49427207
99200;7.4410004616;96045;2607;25;793600;3444224000000;47430337
99328;6.9570002556;91564;2460;21;794624;3453118054400;47420989
99456;7.1420001984;107032;3007;27;795648;3462023577600;48834344
99584;6.9570002556;89566;2806;23;796672;3470940569600;47158976
99712;7.0940003395;100885;2767;24;797696;3479869030400;48378123
99840;7.0760002136;97676;2479;25;798720;3488808960000;48277700
99968;6.9820003510;92047;2567;23;799744;3497760358400;47502765
100096;7.4210004807;117802;3511;41;800768;3506723225600;50855418
100224;6.9640002251;90185;2984;30;801792;3515697561600;47391521
100352;7.1710004807;103147;3131;25;802816;3524683366400;48876691
100480;7.0760002136;92611;2897;19;803840;3533680640000;48100272
100608;6.9880003929;88865;2731;78;804864;3542689382400;47440484
100736;7.1270003319;97990;2964;29;805888;3551709593600;48606385
100864;7.0580005646;95167;2674;26;806912;3560741273600;48008265
100992;7.1610002518;100126;3037;33;807936;3569784422400;48831417
101120;7.4020004272;114126;4254;37;808960;3578839040000;50557168
101248;7.0670003891;94515;2874;33;809984;3587905126400;48080955
101376;7.0730004311;95948;2535;29;811008;3596982681600;48207799
101504;7.2270002365;104310;2983;25;812032;3606071705600;49312804
101632;7.1830005646;97891;3023;18;813056;3615172198400;48927502
101760;7.0400004387;91068;2782;28;814080;3624284160000;47994227
101888;7.1760001183;95898;2809;15;815104;3633407590400;49010922
102016;7.3890004158;110248;3036;33;816128;3642542489600;50487979
102144;7.5940003395;102453;3073;17;817152;3651688857600;49418203
102272;7.5420002937;119894;3472;22;818176;3660846694400;51500050
102400;7.4220004082;103908;3407;23;819200;3670016000000;49859926
102528;7.2980003357;104988;3034;34;820224;3679196774400;49811991
102656;7.4480004311;113746;3393;23;821248;3688389017600;50884383
102784;7.4350004196;111571;3321;28;822272;3697592729600;50806627
102912;7.5830001831;119757;3561;19;823296;3706807910400;51925216
103040;7.3170003891;103217;3228;16;824320;3716034560000;49857817
103168;7.9190001488;112436;3420;20;825344;3725272678400;50852988
103296;7.3030004501;100598;3098;32;826368;3734522265600;49703755
103424;7.3810005188;101825;2887;32;827392;3743783321600;50153608
103552;7.3630003929;99099;3442;37;828416;3753055846400;49484510
103680;7.5470004082;113347;3181;24;829440;3762339840000;51434596
103808;7.7050004005;124466;3333;27;830464;3771635302400;52634439
103936;7.4670004845;105332;3292;33;831488;3780942233600;50942318
104064;7.2930002213;99606;2566;41;832512;3790260633600;49772861
104192;7.7580003738;124387;3810;22;833536;3799590502400;53162396
104320;7.3740005493;104122;3168;20;834560;3808931840000;50321066
104448;7.4140005112;104252;3106;20;835584;3818284646400;50624212
104576;7.5310001373;110193;2999;31;836608;3827648921600;51393587
104704;7.4840002060;108546;2608;28;837632;3837024665600;51204106
104832;7.6170005798;110816;3086;22;838656;3846411878400;51995134
104960;7.3480005264;98253;2949;32;839680;3855810560000;50050774
105088;7.6980004311;117969;3286;32;840704;3865220710400;52627835
105216;7.5530004501;106912;3123;31;841728;3874642329600;51536737
105344;7.5240001678;107903;3115;23;842752;3884075417600;51267383
105472;7.4640002251;104518;2954;28;843776;3893519974400;50677045
105600;7.5360002518;102743;3058;30;844800;3902976000000;51361840
105728;7.5850005150;111222;2848;29;845824;3912443494400;51819561
105856;7.5280003548;103127;2958;14;846848;3921922457600;51360715
105984;7.9260005951;130462;3616;21;847872;3931412889600;54358643
106112;7.7900004387;120193;3216;50;848896;3940914790400;53373044
106240;7.5400004387;105299;3397;30;849920;3950428160000;51318947
106368;7.9180002213;125342;4214;21;850944;3959952998400;53612286
106496;7.6510004997;110507;2619;27;851968;3969489305600;51957431
106624;7.9840002060;103810;3050;30;852992;3979037081600;51097181
106752;7.6440005302;110104;2983;25;854016;3988596326400;52239716
106880;8.0010004044;107213;3157;35;855040;3998167040000;51864555
107008;10.1050004959;104082;2933;25;856064;4007749222400;51740961
107136;7.6850004196;111645;3048;25;857088;4017342873600;52451138
107264;7.7370004654;115365;3251;27;858112;4026947993600;52883504
107392;7.5900001526;100969;2544;28;859136;4036564582400;51489533
107520;7.9740004539;105616;3101;23;860160;4046192640000;51677440
107648;7.7920002937;115513;3836;20;861184;4055832166400;53159116
107776;7.6450004578;106356;2970;30;862208;4065483161600;52184350
107904;8.1040000916;118590;3624;25;863232;4075145625600;53693472
108032;7.7450003624;112153;2936;17;864256;4084819558400;52912146
108160;8.1680002213;114347;3620;22;865280;4094504960000;53442564
108288;7.8050003052;110131;3750;35;866304;4104201830400;52807951
108416;7.8050003052;113777;3020;34;867328;4113910169600;53305110
108544;7.8690004349;117719;3359;30;868352;4123629977600;53605631
108672;7.8450002670;112189;3297;27;869376;4133361254400;53481653
108800;7.8360004425;112192;3140;37;870400;4143104000000;53501927
108928;7.6620001793;104206;2841;49;871424;4152858214400;52314541
109056;8.0720005035;128454;3957;41;872448;4162623897600;55350768
109184;7.7490005493;112087;3113;32;873472;4172401049600;52949249
109312;7.9430003166;121131;3282;21;874496;4182189670400;54376798
109440;7.8540005684;116365;3346;31;875520;4191989760000;53811550
109568;7.6100001335;98464;3028;41;876544;4201801318400;51892393
109696;7.8070001602;111095;3494;31;877568;4211624345600;53299166
109824;7.8840003014;112153;3151;25;878592;4221458841600;53664061
109952;7.8420004845;109997;2876;29;879616;4231304806400;53485960
110080;7.8240003586;110194;2900;17;880640;4241162240000;53372314
110208;7.8270001411;106830;2867;19;881664;4251031142400;53286552
110336;8.2630004883;136398;4026;28;882688;4260911513600;56618247
110464;7.8790001869;111277;3313;21;883712;4270803353600;53758417
110592;7.8940005302;112871;3099;30;884736;4280706662400;53857507
110720;7.9030003548;111279;3248;25;885760;4290621440000;53896321
110848;7.7770004272;105724;3192;29;886784;4300547686400;52987475
110976;7.8070001602;107448;3188;31;887808;4310485401600;53226955
111104;8.3330001831;142211;4622;52;888832;4320434585600;57264373
111232;7.8200001717;105682;2905;23;889856;4330395238400;53343192
111360;7.8020005226;103991;3184;27;890880;4340367360000;53153436
111488;8.0530004501;115293;3986;28;891904;4350350950400;55012845
111616;7.8720002174;106370;3082;28;892928;4360346009600;53592813
111744;8.4990005493;142261;3864;21;893952;4370352537600;58240937
111872;8.1540002823;118165;3828;20;894976;4380370534400;54799941
112000;8.2130002975;121341;3603;24;896000;4390400000000;55287631
112128;10.8670005798;136086;4068;27;897024;4400440934400;57147033
112256;8.1070003510;119139;3202;30;898048;4410493337600;55401797
112384;8.0580005646;116075;3174;30;899072;4420557209600;54981760
112512;8.1350002289;120915;3688;27;900096;4430632550400;55651046
112640;8.0250005722;117250;3054;26;901120;4440719360000;54875973
112768;8.1400003433;118930;3548;29;902144;4450817638400;55679381
112896;8.1420001984;118711;3804;42;903168;4460927385600;55398432
113024;8.1050004959;117960;3580;22;904192;4471048601600;55218676
113152;8.1090002060;120481;3579;31;905216;4481181286400;55286302
113280;8.2140007019;126264;3368;36;906240;4491325440000;56251780
113408;8.1360006332;113789;3499;33;907264;4501481062400;54827748
113536;8.1560001373;117773;3310;24;908288;4511648153600;55650581
113664;7.9460005760;108580;3477;30;909312;4521826713600;54094066
113792;8.3800001144;128090;3996;37;910336;4532016742400;57041791
113920;8.1040000916;110667;3557;31;911360;4542218240000;55224657
114048;8.1830005646;118756;3630;18;912384;4552431206400;55820643
114176;8.1270008087;114324;3097;31;913408;4562655641600;55358124
114304;8.4230003357;134317;4300;31;914432;4572891545600;57521356
114432;8.1550006866;108020;3125;41;915456;4583138918400;54734809
114560;8.2459716797;113387;3576;30;916480;4593397760000;55380927
114688;8.6800003052;127284;3704;27;917504;4603668070400;56939199
114816;8.3650007248;115211;3359;42;918528;4613949849600;55837833
114944;8.5350008011;135941;4288;41;919552;4624243097600;58475771
115072;8.1360006332;111444;3463;27;920576;4634547814400;55383980
115200;8.2400007248;116739;3096;31;921600;4644864000000;56050178
115328;8.3400001526;108968;3014;37;922624;4655191654400;55171880
115456;8.7690000534;138837;3736;33;923648;4665530777600;58253788
115584;8.2280006409;116104;3279;32;924672;4675881369600;56093967
115712;8.3870000839;124832;3510;21;925696;4686243430400;57266991
115840;8.2920007706;118460;3695;26;926720;4696616960000;56476635
115968;8.5650005341;135447;4102;33;927744;4707001958400;58560833
116096;8.2100000381;107906;3549;25;928768;4717398425600;55130176
116224;8.4809999466;114401;3275;31;929792;4727806361600;56396110
116352;8.8950004578;135486;4271;31;930816;4738225766400;58157546
116480;8.4809999466;126168;3429;24;931840;4748656640000;58043248
116608;8.2990007401;117307;3424;25;932864;4759098982400;56615935
116736;8.5630006790;131206;3822;17;933888;4769552793600;58458511
116864;8.5700006485;120066;3616;27;934912;4780018073600;57424778
116992;8.4079999924;111687;3330;35;935936;4790494822400;56216554
117120;8.3020000458;117697;3344;17;936960;4800983040000;56515263
117248;14.2070007324;142216;4494;30;937984;4811482726400;60051504
117376;8.2969999313;115870;2956;27;939008;4821993881600;56611088
117504;8.5840005875;115077;3415;26;940032;4832516505600;56761948
117632;8.2660007477;114802;3143;28;941056;4843050598400;56238694
117760;8.4360008240;121256;3613;29;942080;4853596160000;57627461
117888;8.6590003967;122192;3695;39;943104;4864153190400;57659414
118016;8.6730003357;115602;3265;36;944128;4874721689600;56952904
118144;8.6560001373;132380;4089;41;945152;4885301657600;59187728
118272;8.7210006714;139599;3746;30;946176;4895893094400;59897530
118400;8.7980003357;141065;3954;25;947200;4906496000000;60284937
118528;9.0390005112;136495;4120;33;948224;4917110374400;59620469
118656;8.8200006485;139579;3995;30;949248;4927736217600;60428435
118784;8.8260002136;145088;4005;26;950272;4938373529600;60589920
118912;8.8700008392;132055;3718;38;951296;4949022310400;59003942
119040;8.7280006409;134013;3804;22;952320;4959682560000;59761834
119168;8.3929443359;114159;3180;30;953344;4970354278400;57285657
119296;8.4840002060;122566;3736;23;954368;4981037465600;57829974
119424;8.6319999695;117486;3777;40;955392;4991732121600;57568620
119552;8.3660001755;112123;3103;34;956416;5002438246400;56977782
119680;8.7460002899;135925;3810;44;957440;5013155840000;59747324
119808;8.8990001678;129778;4089;30;958464;5023884902400;59362351
119936;8.6810007095;128787;3724;31;959488;5034625433600;59211816
120064;8.7710008621;132763;4034;45;960512;5045377433600;59931523
120192;8.8610000610;120278;2971;20;961536;5056140902400;58595038
120320;8.7430000305;134019;3698;42;962560;5066915840000;59762422
120448;8.5900001526;123417;3717;27;963584;5077702246400;58641304
120576;8.4350004196;113190;2731;34;964608;5088500121600;57559430
120704;8.9720001221;130184;3834;24;965632;5099309465600;59477800
120832;9.0020008087;143581;4139;36;966656;5110130278400;61647346
120960;8.7440004349;123913;3931;39;967680;5120962560000;59644482
121088;9.2200002670;140112;4251;23;968704;5131806310400;60990902
121216;8.8120002747;135458;4366;34;969728;5142661529600;60333528
121344;8.6990003586;126088;4101;32;970752;5153528217600;59391238
121472;9.2160005569;136806;3505;31;971776;5164406374400;60602264
121600;8.5860004425;114519;3418;21;972800;5175296000000;58492003
121728;8.7480001450;126373;3493;42;973824;5186197094400;59732715
121856;8.9220008850;124344;3419;29;974848;5197109657600;59605255
121984;8.7340002060;123918;3558;34;975872;5208033689600;59539775
122112;8.6690006256;118499;3502;18;976896;5218969190400;58900507
122240;8.8700008392;131162;3641;46;977920;5229916160000;60449085
122368;8.7730007172;110177;3207;32;978944;5240874598400;57791534
122496;9.4830007553;175186;5353;17;979968;5251844505600;65308670
122624;8.6270008087;116028;3409;32;980992;5262825881600;58798877
122752;9.0800008774;128611;3615;26;982016;5273818726400;59922621
122880;8.9330005646;136263;3517;39;983040;5284823040000;61110211
123008;8.7710008621;121807;3639;19;984064;5295838822400;59767405
123136;8.9739999771;137914;3551;37;985088;5306866073600;61445457
123264;8.8120002747;127184;3505;34;986112;5317904793600;59974033
123392;8.7280006409;118840;3612;37;987136;5328954982400;59543668
123520;8.7660007477;124805;3636;33;988160;5340016640000;59772504
123648;8.7840003967;120733;3664;28;989184;5351089766400;59769365
123776;8.8900003433;126345;3652;25;990208;5362174361600;60721402
123904;8.7960004807;121691;3544;30;991232;5373270425600;59894695
124032;9.0930004120;138006;4372;36;992256;5384377958400;62116646
124160;8.7829999924;123941;3645;40;993280;5395496960000;59796639
124288;9.0600004196;134934;3667;29;994304;5406627430400;61993433
124416;8.8680000305;128521;3726;37;995328;5417769369600;60585393
124544;8.9330005646;128903;3750;33;996352;5428922777600;61092934
124672;9.1160001755;138801;3902;39;997376;5440087654400;62599375
124800;9.2980003357;151138;4697;37;998400;5451264000000;63839082
124928;9.3560009003;152798;4086;37;999424;5462451814400;64034241
125056;9.0360002518;135596;3445;31;1000448;5473651097600;61657061
125184;8.9260005951;127679;3497;25;1001472;5484861849600;61006207
125312;9.0640001297;135072;3424;29;1002496;5496084070400;61913906
125440;9.0659999847;136399;3895;30;1003520;5507317760000;61958998
125568;8.8220005035;117210;3095;19;1004544;5518562918400;60036328
125696;9.1020002365;136569;3868;22;1005568;5529819545600;62143117
125824;8.8840007782;124351;3527;30;1006592;5541087641600;60605216
125952;9.0720005035;131244;3681;30;1007616;5552367206400;61843571
126080;8.9750003815;127970;3679;29;1008640;5563658240000;61283082
126208;9.0050001144;128324;3324;25;1009664;5574960742400;61512825
126336;9.1570005417;136658;3744;28;1010688;5586274713600;62669500
126464;11.7980003357;145957;4172;39;1011712;5597600153600;63889819
126592;9.1390008926;136204;3881;23;1012736;5608937062400;62435202
126720;9.1450004578;131643;4139;25;1013760;5620285440000;61706224
126848;9.2420005798;142326;3911;38;1014784;5631645286400;63306889
126976;9.1830005646;126721;3368;40;1015808;5643016601600;61335707
127104;9.1340007782;130032;3539;31;1016832;5654399385600;62238981
127232;9.0650005341;126694;3508;23;1017856;5665793638400;61736758
127360;9.4290008545;150023;4408;30;1018880;5677199360000;64594217
127488;9.3990001678;151142;4381;31;1019904;5688616550400;64350480
127616;9.2620000839;130703;3752;31;1020928;5700045209600;62088737
127744;9.3070001602;142315;4081;23;1021952;5711485337600;63607833
127872;9.4610004425;142404;4044;41;1022976;5722936934400;63634736
128000;9.1590003967;132493;3728;25;1024000;5734400000000;62588564
