array_size;time_spent(s);PAPI_L1_TCM;PAPI_L2_TCM;PAPI_L3_TCM;DATA_BYTES;NUM_INSTRUCTIONS;PAPI_TOT_INS
2048;0.3380000293;1275;363;21;16384;2380342;1635468
2176;0.6070000529;1550;398;18;17408;2549223;1793753
2304;0.4470000267;1603;351;21;18432;2719253;1954246
2432;0.5250000358;1721;351;20;19456;2890366;2114757
2560;0.3020000160;1939;359;21;20480;3062508;2277555
2688;0.4900000095;2189;390;65;21504;3235625;2438086
2816;0.4200000167;2278;377;69;22528;3409672;2600884
2944;0.4570000172;2454;427;24;23552;3584606;2763699
3072;0.3290000260;2568;385;16;24576;3760388;2928801
3200;0.3520000279;3000;459;20;25600;3936984;2986184
3328;0.6880000234;2809;439;18;26624;4114360;3045813
3456;0.3550000191;2929;396;17;27648;4292488;3105460
3584;0.3530000150;3127;413;13;28672;4471338;3167394
3712;0.7180000544;3499;555;20;29696;4650885;3227062
3840;0.5670000315;3471;455;8;30720;4831104;3288995
3968;0.5750000477;3545;443;16;31744;5011975;3350946
4096;0.7400000095;3843;443;13;32768;5193475;3415184
4224;0.5600000024;3968;414;15;33792;5375585;3576815
4352;0.8010000587;4558;513;20;34816;5558286;3740638
4480;0.9410000443;4448;442;22;35840;5741561;3904476
4608;0.4890000224;4695;449;18;36864;5925394;4070602
4736;0.4800000191;5073;430;26;37888;6109769;4234618
4864;0.6670000553;5144;465;19;38912;6294671;4400744
4992;0.7600000501;5405;476;22;39936;6480087;4566887
5120;0.8740000129;5720;449;19;40960;6666003;4735317
5248;1.0880000591;5837;467;30;41984;6852407;4899195
5376;0.8860000372;6221;597;17;43008;7039287;5065321
5504;0.5750000477;6086;480;21;44032;7226631;5231464
5632;0.6120000482;6313;513;15;45056;7414429;5410667
5760;0.7400000095;6617;462;14;46080;7602671;5577214
5888;0.7970000505;6766;475;19;47104;7791347;5746028
6016;1.0570000410;7034;458;21;48128;7980446;5914859
6144;0.9550000429;7254;519;20;49152;8169961;6085977
6272;1.2050000429;7113;500;18;50176;8359883;6146706
6400;1.1140000820;7446;545;18;51200;8550202;6209664
6528;0.7430000305;7542;523;15;52224;8740912;6272639
6656;1.6980000734;7678;517;14;53248;8932005;6337901
6784;1.2030000687;8184;601;22;54272;9123472;6400896
6912;0.9550000429;8463;808;20;55296;9315308;6466159
7040;0.9880000353;8480;692;13;56320;9507505;6531438
7168;1.5640001297;8662;558;22;57344;9700057;6599003
7296;1.1050000191;8947;559;19;58368;9892958;6662017
7424;0.7280000448;8986;604;18;59392;10086201;6727279
7552;1.7040001154;9152;672;19;60416;10279780;6792559
7680;1.6410000324;9807;573;24;61440;10473690;6860125
7808;1.1000000238;9602;602;18;62464;10667925;6925423
7936;1.8460000753;10062;759;21;63488;10862480;6992990
8064;2.0640001297;9990;549;21;64512;11057350;7060572
8192;0.9470000267;10548;647;23;65536;11252530;7171593
8320;1.0770000219;10438;572;16;66560;11448014;7456565
8448;0.8920000196;10808;538;12;67584;11643799;7628865
8576;1.1510000229;11031;650;13;68608;11839879;7801280
8704;1.1890000105;11513;722;21;69632;12036250;7975984
8832;1.4980000257;11779;618;14;70656;12232909;8148417
8960;1.6530001163;12277;689;14;71680;12429850;8323120
9088;1.2150000334;12135;711;9;72704;12627070;8497838
9216;1.0230000019;12709;727;15;73728;12824565;8674845
9344;1.0300000906;12833;646;19;74752;13022331;8847298
9472;1.5490000248;12988;921;18;75776;13220364;9022001
9600;1.7470000982;13440;944;25;76800;13418661;9196721
9728;1.6470000744;13471;772;19;77824;13617218;9373725
9856;1.8500001431;14201;757;10;78848;13816031;9548776
9984;1.7130000591;13898;740;17;79872;14015098;9725781
10112;1.5100001097;14342;609;11;80896;14214416;9902804
10240;1.4470000267;14685;632;13;81920;14413980;10082114
10368;2.0510001183;14692;666;18;82944;14613788;10254587
10496;1.5070000887;14711;708;16;83968;14813837;10429289
10624;1.7390000820;15028;733;17;84992;15014124;10604008
10752;2.7150001526;15290;756;19;86016;15214646;10781015
10880;2.9290001392;15722;600;13;87040;15415401;10955753
11008;1.8710000515;15853;1052;19;88064;15616385;11132760
11136;1.9350000620;16101;809;25;89088;15817596;11309783
11264;1.8830001354;16163;693;18;90112;16019031;11489092
11392;1.2810000181;16549;699;27;91136;16220688;11663850
11520;1.2860000134;16470;671;21;92160;16422564;11840856
11648;3.0150001049;16788;772;14;93184;16624657;12017879
11776;3.0880000591;17394;791;22;94208;16826964;12197190
11904;2.0590000153;17696;896;21;95232;17029484;12374233
12032;1.6880000830;17918;1122;23;96256;17232213;12553543
12160;1.7860001326;18012;706;23;97280;17435150;12732869
12288;2.6850001812;18516;987;21;98304;17638292;12914484
12416;2.1579999924;17819;799;20;99328;17841637;12978559
12544;2.0130000114;18135;766;15;100352;18045184;13044845
12672;2.7250001431;18566;943;19;101376;18248930;13111148
12800;1.5780000687;18691;853;24;102400;18452872;13179738
12928;2.0630002022;18978;811;15;103424;18657010;13246061
13056;2.0559999943;19145;794;17;104448;18861342;13314651
13184;3.0950000286;19787;1190;19;105472;19065864;13383259
13312;2.3230001926;20104;1092;22;106496;19270576;13454153
13440;2.3410000801;20724;925;21;107520;19475475;13520495
13568;2.0780000687;20272;836;13;108544;19680561;13589084
13696;1.7010000944;19960;896;18;109568;19885830;13657691
13824;2.8160002232;20542;865;20;110592;20091282;13728585
13952;2.0070002079;21610;1254;25;111616;20296914;13797213
14080;1.4820001125;21011;959;21;112640;20502726;13868106
14208;2.0130000114;21500;1126;19;113664;20708715;13939018
14336;2.2670001984;21929;947;25;114688;20914879;14012215
14464;2.3780000210;21741;858;19;115712;21121218;14078576
14592;2.7950000763;22207;1180;19;116736;21327729;14147167
14720;1.5150001049;22425;966;15;117760;21534412;14215773
14848;2.0210001469;23162;1223;25;118784;21741264;14286668
14976;2.3540000916;23157;851;18;119808;21948285;14355294
15104;2.3250000477;22901;1099;20;120832;22155472;14426188
15232;2.5220000744;23233;1209;20;121856;22362825;14497100
15360;4.2680001259;24072;1116;16;122880;22570342;14570298
15488;2.3480000496;24647;1207;21;123904;22778021;14638944
15616;2.4790000916;24045;1168;23;124928;22985861;14709838
15744;1.9660000801;24171;1230;20;125952;23193862;14780749
15872;2.2760000229;24561;1263;25;126976;23402021;14853947
16000;2.7540001869;25433;1262;26;128000;23610337;14924878
16128;2.5640001297;25358;1081;17;129024;23818810;14998075
16256;2.6750001907;25457;946;15;130048;24027437;15071290
16384;2.2360000610;26331;1151;22;131072;24236218;14917448
16512;3.0850000381;25512;1217;31;132096;24445152;15087437
16640;2.1060001850;26089;1520;28;133120;24654236;15259579
16768;2.4350001812;25973;1169;19;134144;24863471;15432051
16896;2.9240000248;26740;1284;20;135168;25072855;15606656
17024;2.4940001965;27628;1223;16;136192;25282387;15778834
17152;1.8580000401;27518;1243;23;137216;25492065;15953280
17280;2.5750000477;27659;1245;24;138240;25701889;16127743
17408;2.7720000744;28155;1342;17;139264;25911857;16304494
17536;2.7660000324;28514;1266;17;140288;26121969;16476691
17664;2.7960002422;28358;1310;13;141312;26332223;16651137
17792;2.8650002480;28724;1405;23;142336;26542619;16825600
17920;2.8440001011;29256;1426;27;143360;26753155;17002351
18048;2.8440001011;29669;1433;20;144384;26963831;17176833
18176;2.7950000763;29743;1312;26;145408;27174645;17353583
18304;2.8400001526;30135;1412;26;146432;27385596;17530350
18432;2.9100000858;30424;1395;23;147456;27596684;17709405
18560;2.9200000763;30636;1362;12;148480;27807907;17881621
18688;2.8220000267;30920;1597;32;149504;28019265;18056067
18816;2.8140001297;30989;1311;19;150528;28230756;18230530
18944;2.8820002079;31811;1444;21;151552;28442380;18407280
19072;2.9190001488;31972;1637;20;152576;28654136;18581763
19200;2.9090001583;31944;1543;20;153600;28866023;18758513
19328;2.9230000973;32210;1450;22;154624;29078040;18935280
19456;2.9200000763;32773;1573;23;155648;29290186;19114334
19584;3.6350002289;32689;1428;10;156672;29502461;19288836
19712;2.8900001049;32895;1303;15;157696;29714863;19465586
19840;4.4020004272;33224;1413;19;158720;29927392;19642353
19968;4.2480001450;33579;1453;10;159744;30140047;19821407
20096;2.8080000877;34232;1567;16;160768;30352827;19998194
20224;4.6450004578;34128;1678;21;161792;30565731;20177248
20352;2.9110002518;38734;1315;15;162816;30778758;20356319
20480;2.1809999943;34942;1225;19;163840;30991909;20537711
20608;2.2310001850;34454;1252;15;164864;31205181;20709947
20736;2.2390000820;34830;1699;14;165888;31418574;20884394
20864;2.7500002384;35031;1354;22;166912;31632088;21058856
20992;2.6160001755;35770;1469;20;167936;31845722;21235607
21120;2.4600000381;36110;1466;24;168960;32059474;21410090
21248;2.4290001392;36092;1312;22;169984;32273345;21586839
21376;2.5640001297;36245;1475;19;171008;32487334;21763607
21504;2.6730000973;36954;1602;21;172032;32701439;21942661
21632;2.7410001755;36959;1644;20;173056;32915660;22117163
21760;2.7390000820;37035;1658;17;174080;33129997;22293913
21888;2.7730002403;37289;1461;23;175104;33344449;22470680
22016;2.7660000324;37628;1595;17;176128;33559014;22649734
22144;2.8120000362;38312;1479;19;177152;33773694;22826521
22272;2.7790000439;38157;1666;20;178176;33988485;23005575
22400;2.7780001163;38680;1785;21;179200;34203390;23184647
22528;2.7570002079;38864;1602;23;180224;34418405;23366004
22656;2.7730002403;39033;1599;31;181248;34633532;23540525
22784;2.7560000420;39330;1466;13;182272;34848768;23717275
22912;2.7310001850;39391;1514;20;183296;35064114;23894042
23040;2.7330000401;39790;1463;29;184320;35279570;24073096
23168;2.8300001621;39931;1513;19;185344;35495133;24249883
23296;2.7690000534;40065;1614;31;186368;35710805;24428937
23424;2.7570002079;40355;1430;25;187392;35926584;24608008
23552;2.7280001640;40928;1394;25;188416;36142469;24789366
23680;2.7420001030;41212;1675;22;189440;36358460;24966172
23808;4.0230002403;41045;1627;19;190464;36574557;25145226
23936;2.7220001221;41586;1656;20;191488;36790759;25324297
24064;2.7350001335;41598;1514;16;192512;37007065;25505654
24192;2.7770001888;42047;1516;24;193536;37223475;25684745
24320;5.4210004807;42974;1995;23;194560;37439988;25866105
24448;5.1280002594;42902;1737;12;195584;37656604;26047479
24576;3.1010000706;43481;1670;21;196608;37873322;26231141
24704;2.8810000420;42099;1425;22;197632;38090141;26298563
24832;5.1940002441;42683;1999;22;198656;38307062;26368178
24960;5.2120003700;43321;2022;10;199680;38524083;26437809
25088;2.8570001125;43663;1729;19;200704;38741205;26509727
25216;2.8910000324;43641;1513;19;201728;38958426;26579377
25344;5.0439453125;43908;2060;23;202752;39175746;26651302
25472;7.9460005760;44725;2124;18;203776;39393164;26723232
25600;2.8870000839;44848;1784;21;204800;39610681;26797453
25728;2.9250001907;45373;1810;15;205824;39828295;26867123
25856;5.1090002060;44996;2154;18;206848;40046006;26939042
25984;5.1060004234;45381;2036;17;207872;40263814;27010976
26112;3.1330001354;46000;1772;17;208896;40481717;27085198
26240;2.9370000362;45912;1555;23;209920;40699717;27157152
26368;5.3650002480;46326;1959;19;210944;40917812;27231375
26496;5.3530001640;46326;1903;19;211968;41136001;27305614
26624;3.1470000744;46955;2032;21;212992;41354285;27382140
26752;2.9720001221;47774;1938;8;214016;41572662;27451829
26880;5.0650000572;47471;2018;18;215040;41791133;27523748
27008;5.1960000992;47788;1918;20;216064;42009697;27595682
27136;3.1780002117;47975;1695;18;217088;42228353;27669903
27264;3.2370002270;48750;1775;18;218112;42447101;27741859
27392;4.8590002060;48025;2028;25;219136;42665941;27816081
27520;4.3770003319;48565;1950;21;220160;42884872;27890320
27648;2.9870002270;49447;1903;13;221184;43103894;27966845
27776;3.0170001984;49122;1754;25;222208;43323006;28038819
27904;5.4850001335;49467;2041;16;223232;43542208;28113043
28032;5.1500000954;50273;2069;13;224256;43761500;28187282
28160;3.7610001564;50239;1969;28;225280;43980881;28263806
28288;3.0280001163;50476;1765;19;226304;44200350;28338065
28416;4.7570004463;50486;2025;15;227328;44419908;28414592
28544;4.2900004387;51217;2133;9;228352;44639553;28491136
28672;3.1580002308;51694;1805;17;229376;44859286;28569965
28800;3.0730001926;51279;2021;21;230400;45079106;28639672
28928;3.6220002174;51282;1940;11;231424;45299013;28711591
29056;3.0390000343;51629;2018;21;232448;45519006;28783526
29184;3.0520000458;52470;2008;15;233472;45739086;28857748
29312;4.7960000038;52835;2097;16;234496;45959250;28929704
29440;5.0770001411;53044;2358;25;235520;46179500;29003926
29568;3.4600002766;52926;2383;21;236544;46399835;29078164
29696;3.4250001907;53858;2125;16;237568;46620254;29154690
29824;4.8970003128;53765;2142;20;238592;46840758;29226664
29952;4.2490000725;53821;2162;18;239616;47061345;29300886
30080;3.3040001392;53987;2114;19;240640;47282015;29375125
30208;3.1050002575;54871;1929;19;241664;47502769;29451651
30336;5.1010003090;55095;2352;19;242688;47723605;29525910
30464;4.6760001183;54764;2017;23;243712;47944523;29602436
30592;4.4270000458;55228;2280;19;244736;48165524;29678979
30720;3.3510000706;56719;1873;19;245760;48386606;29757809
30848;4.8360004425;56369;2367;22;246784;48607769;29829802
30976;5.3250002861;55500;2143;16;247808;48829014;29904024
31104;3.1400001049;55853;2274;15;248832;49050339;29978263
31232;3.1450002193;57389;2253;23;249856;49271744;30054789
31360;4.9220004082;57286;2357;24;250880;49493229;30129048
31488;4.8750000000;56890;2401;20;251904;49714794;30205574
31616;4.1119999886;56772;2417;24;252928;49936439;30282117
31744;3.1640000343;58352;2052;26;253952;50158162;30360946
31872;5.2170004845;58202;2621;23;254976;50379964;30435225
32000;3.2040002346;57927;1802;22;256000;50601844;30511750
32128;3.1840002537;57852;2119;20;257024;50823802;30588293
32256;5.5030002594;60262;2540;22;258048;51045838;30667125
32384;5.0690002441;59643;2446;11;259072;51267952;30743687
32512;4.4430003166;59774;2358;22;260096;51490143;30822517
32640;3.5260002613;60387;2289;19;261120;51712410;30901364
32768;4.8580002785;61541;2098;10;262144;51934754;30982498
32896;5.7420001030;59506;2499;19;263168;52157174;31155835
33024;3.7670001984;59858;2351;24;264192;52379670;31331304
33152;3.3030002117;60357;2367;23;265216;52602242;31506791
33280;5.0020003319;61129;2450;14;266240;52824889;31684566
33408;5.6920003891;62551;2380;15;267264;53047611;31860072
33536;3.6940002441;61522;2287;24;268288;53270408;32037846
33664;3.3760001659;62142;2415;21;269312;53493279;32215643
33792;5.0720000267;62339;2523;18;270336;53716225;32395716
33920;6.2860002518;63417;2435;23;271360;53939244;32571241
34048;3.4360001087;63502;2436;25;272384;54162337;32749015
34176;3.5000002384;62622;2237;28;273408;54385504;32926805
34304;3.4770002365;63576;2147;15;274432;54608743;33106884
34432;3.5190000534;64792;2699;23;275456;54832056;33284695
34560;3.5310001373;64539;2430;23;276480;55055440;33464773
34688;5.9620003700;64256;2467;25;277504;55278898;33644868
34816;3.5350000858;64976;2160;15;278528;55502427;33827250
34944;3.9530000687;66368;2733;28;279552;55726028;34002795
35072;5.8670001030;66174;2657;28;280576;55949700;34180570
35200;3.5940001011;65462;2631;22;281600;56173443;34358360
35328;5.1450004578;66643;2493;25;282624;56397258;34538440
35456;5.2550001144;67000;2533;24;283648;56621143;34716249
35584;3.6680002213;66758;2622;9;284672;56845099;34896327
35712;4.9180002213;67014;2749;24;285696;57069125;35076423
35840;5.7600002289;68170;2804;16;286720;57293220;35258806
35968;3.7540001869;67781;2967;27;287744;57517386;35436634
36096;5.1890001297;68496;2729;24;288768;57741621;35616713
36224;5.3080000877;68278;2533;16;289792;57965925;35796807
36352;3.8030002117;69226;2410;18;290816;58190298;35979190
36480;5.4350004196;69499;2883;24;291840;58414739;36159305
36608;5.1090002060;69245;2781;17;292864;58639249;36341686
36736;3.8330001831;70134;2319;28;293888;58863828;36524085
36864;6.0180001259;70359;2419;29;294912;59088474;36708772
36992;3.9030001163;70627;2751;18;295936;59313188;36884335
37120;5.1890001297;70514;2742;16;296960;59537970;37062109
37248;6.6060004234;70954;2699;15;297984;59762819;37239900
37376;4.2430000305;71743;2653;16;299008;59987735;37419978
37504;4.0690002441;71609;2624;21;300032;60212718;37597789
37632;3.9600002766;71898;2569;19;301056;60437767;37777867
37760;3.9750001431;72161;2680;18;302080;60662883;37957962
37888;3.9980001450;72468;2653;18;303104;60888065;38140344
38016;4.0980000496;72728;2750;19;304128;61113313;38318174
38144;4.0460000038;72833;2765;26;305152;61338626;38498252
38272;4.1010003090;73051;2496;20;306176;61564005;38678347
38400;4.0740003586;74161;2615;24;307200;61789449;38860729
38528;4.1330003738;74129;3100;16;308224;62014959;39040844
38656;4.1100001335;74126;2887;15;309248;62240533;39223226
38784;4.1310000420;74416;3016;24;310272;62466172;39405625
38912;4.1490001678;75409;2659;21;311296;62691875;39590311
39040;4.2210001945;75364;2873;22;312320;62917642;39768160
39168;4.2000002861;75551;3035;21;313344;63143473;39948238
39296;4.2130002975;75845;2844;18;314368;63369368;40128333
39424;4.2369999886;76030;2968;16;315392;63595327;40310715
39552;4.8950004578;76428;3026;23;316416;63821349;40490831
39680;4.9780001640;77097;3115;22;317440;64047434;40673212
39808;5.1630001068;76948;2977;19;318464;64273582;40855611
39936;4.5140004158;77568;2964;27;319488;64499793;41040297
40064;6.2370004654;78057;2840;10;320512;64726066;41220431
40192;4.3820004463;77808;2760;23;321536;64952402;41402813
40320;6.2530002594;78309;2957;27;322560;65178800;41585212
40448;4.3840003014;78548;3144;18;323584;65405259;41769898
40576;5.9890003204;79239;2944;25;324608;65631781;41952317
40704;4.4220004082;78924;2879;22;325632;65858364;42137003
40832;6.2550001144;79825;2923;26;326656;66085008;42321706
40960;4.4520001411;81520;2652;32;327680;66311714;42508696
41088;6.4520001411;79916;3204;31;328704;66538481;42684279
41216;4.5010004044;79911;3214;20;329728;66765308;42862053
41344;5.9930005074;80351;2908;25;330752;66992196;43039844
41472;7.0790004730;80643;2977;17;331776;67219144;43219922
41600;4.6060004234;80756;3064;20;332800;67446153;43397733
41728;4.5860004425;80484;2842;18;333824;67673221;43577811
41856;6.1260004044;81889;3394;19;334848;67900350;43757906
41984;4.6300001144;81810;2869;24;335872;68127538;43940288
42112;4.6980004311;82348;3267;10;336896;68354785;44118118
42240;4.6710000038;81574;2963;30;337920;68582092;44298196
42368;4.6850004196;82513;3264;20;338944;68809458;44478291
42496;6.4340004921;83343;3347;16;339968;69036883;44660674
42624;4.7670001984;83137;3167;23;340992;69264367;44840788
42752;4.7440004349;83015;3187;22;342016;69491909;45023170
42880;5.5290002823;84036;3339;27;343040;69719510;45205570
43008;5.8410000801;83960;3002;21;344064;69947169;45390255
43136;4.8590002060;85209;3039;23;345088;70174886;45568104
43264;6.6290001869;84469;3086;21;346112;70402661;45748183
43392;4.8450002670;85102;3025;11;347136;70630494;45928277
43520;6.0680003166;85611;3088;17;348160;70858384;46110659
43648;5.4480004311;86292;3361;25;349184;71086332;46290775
43776;5.2520003319;85606;3405;19;350208;71314337;46473157
43904;6.2020001411;86158;3121;29;351232;71542399;46655555
44032;4.9500002861;86539;3317;19;352256;71770518;46840241
44160;6.7270002365;86891;3662;26;353280;71998693;47020376
44288;5.0100002289;86469;3711;19;354304;72226925;47202758
44416;5.9840002060;87075;3524;23;355328;72455214;47385157
44544;5.8000001907;87333;3109;29;356352;72683559;47569842
44672;5.1000003815;88054;3443;24;357376;72911959;47752261
44800;6.7290000916;88068;3356;26;358400;73140416;47936947
44928;5.0820002556;88327;3564;28;359424;73368928;48121651
45056;5.8990001678;89683;3370;21;360448;73597497;48308641
45184;6.1480002403;88581;3415;21;361472;73826120;48486508
45312;5.1850004196;89054;3301;22;362496;74054799;48666586
45440;6.8890004158;89575;3222;23;363520;74283533;48846682
45568;5.2160000801;90363;3468;26;364544;74512321;49029064
45696;5.9450001717;90092;3602;30;365568;74741165;49209179
45824;6.5710000992;90448;3529;19;366592;74970063;49391560
45952;5.2730002403;90570;3391;22;367616;75199016;49573959
46080;7.2920002937;91441;3304;29;368640;75428023;49758646
46208;5.3420004845;91228;3782;18;369664;75657085;49938780
46336;5.8430004120;91008;3637;20;370688;75886200;50121162
46464;6.8280005455;92371;3481;15;371712;76115369;50303561
46592;5.3430004120;92069;3504;24;372736;76344592;50488246
46720;7.3560004234;92478;3718;27;373760;76573869;50670666
46848;5.3940000534;92800;3569;17;374784;76803199;50855352
46976;5.9940004349;93254;3829;26;375808;77032583;51040055
47104;6.9300003052;93608;3726;30;376832;77262019;51227045
47232;5.5030002594;93243;3333;29;377856;77491509;51407197
47360;7.2490005493;93502;3363;21;378880;77721051;51589579
47488;5.6300001144;94633;3457;26;379904;77950646;51771979
47616;5.7230000496;94632;3420;24;380928;78180294;51956665
47744;7.2900004387;94899;4247;27;381952;78409995;52139084
47872;5.5810003281;94456;3682;28;382976;78639747;52323770
48000;6.1920003891;95635;3699;30;384000;78869552;52508473
48128;7.1040005684;95846;3614;24;385024;79099409;52695463
48256;5.6550002098;96133;3653;28;386048;79329317;52877900
48384;6.4930005074;96610;3703;24;387072;79559278;53062587
48512;7.1570005417;96863;3670;26;388096;79789290;53247290
48640;5.6460003853;96944;3547;29;389120;80019353;53434279
48768;6.6940002441;97496;3902;19;390144;80249468;53619003
48896;7.1980004311;97649;3596;25;391168;80479634;53805993
49024;5.7090001106;98790;3934;33;392192;80709851;53993000
49152;6.3370003700;99273;3527;21;393216;80940120;54182294
49280;7.4090003967;96841;4269;22;394240;81170439;54253064
49408;5.7660002708;98181;3994;26;395264;81400808;54326005
49536;5.9770002365;98770;3823;20;396288;81631228;54398965
49664;7.3440003395;98675;3717;39;397312;81861699;54474211
49792;5.8610000610;99939;3904;29;398336;82092220;54547190
49920;5.7920002937;98850;3871;26;399360;82322791;54622435
50048;7.3460001945;99361;3586;20;400384;82553412;54697698
50176;6.0800004005;99781;3843;20;401408;82784083;54775248
50304;5.8770003319;100144;4157;24;402432;83014804;54848246
50432;5.9430003166;100544;3638;25;403456;83245574;54923493
50560;7.3110003471;100618;3619;30;404480;83476394;54998755
50688;6.2810001373;101324;3726;22;405504;83707263;55076305
50816;5.9030003548;101817;3968;27;406528;83938182;55151588
50944;5.8540000916;101615;3844;18;407552;84169149;55229138
51072;6.0480003357;102343;4037;29;408576;84400166;55306706
51200;7.2000002861;102553;3683;24;409600;84631232;55386559
51328;6.5190005302;103490;3745;16;410624;84862346;55459576
51456;5.9000000954;102797;3771;21;411648;85093509;55534822
51584;5.8910002708;103509;3643;16;412672;85324721;55610086
51712;6.0150003433;104259;3708;25;413696;85555981;55687636
51840;6.9080004692;104434;4219;22;414720;85787289;55762919
51968;7.4220004082;103829;3957;27;415744;86018646;55840469
52096;5.9260001183;104645;4195;20;416768;86250050;55918036
52224;5.9300003052;105200;3789;25;417792;86481503;55997889
52352;7.3050003052;105558;4140;26;418816;86713003;56073192
52480;6.8840003014;105130;4084;29;419840;86944551;56150741
52608;5.9300003052;106161;3783;25;420864;87176147;56228308
52736;6.7460002899;106460;4044;17;421888;87407790;56308163
52864;7.5070004463;107816;4442;21;422912;87639481;56385750
52992;5.9680004120;106649;4228;17;423936;87871218;56465604
53120;5.9630002975;106617;4102;13;424960;88103003;56545474
53248;7.0680003166;108841;4094;28;425984;88334835;56627633
53376;7.3659667969;108299;4290;22;427008;88566714;56700669
53504;5.9860000610;107673;4253;26;428032;88798639;56775915
53632;5.9920001030;107779;3759;18;429056;89030612;56851177
53760;7.1440005302;108830;4056;23;430080;89262630;56928728
53888;7.3230004311;109741;4034;20;431104;89494696;57004011
54016;6.0500001907;108799;4164;24;432128;89726807;57081560
54144;6.0470004082;109636;4154;25;433152;89958965;57159127
54272;7.2470002174;110182;4106;21;434176;90191169;57238982
54400;7.1950001717;111681;4525;32;435200;90423419;57314284
54528;6.0770001411;109864;4140;21;436224;90655715;57391833
54656;6.5550003052;110421;4039;21;437248;90888057;57469400
54784;7.4650001526;111029;4041;21;438272;91120444;57549255
54912;6.2860002518;111720;4155;26;439296;91352877;57626841
55040;6.0610003471;110662;3626;28;440320;91585356;57706695
55168;6.0620002747;111750;4237;22;441344;91817879;57786566
55296;6.0840001106;112797;3952;24;442368;92050449;57868724
55424;6.1390004158;112718;4224;20;443392;92283063;57944045
55552;6.0730004311;111962;3696;29;444416;92515722;58021595
55680;6.1520004272;113255;3946;29;445440;92748427;58099162
55808;6.0900001526;113582;4274;33;446464;92981176;58179016
55936;6.1630001068;114420;4827;20;447488;93213970;58256604
56064;6.1010003090;113847;4541;32;448512;93446808;58336458
56192;6.1220002174;114324;4080;23;449536;93679691;58416328
56320;6.1140003204;115014;3966;29;450560;93912619;58498486
56448;6.1860003471;115410;4372;29;451584;94145591;58576092
56576;7.1480002403;115138;4465;30;452608;94378607;58655947
56704;6.1120004654;115467;3963;22;453632;94611667;58735817
56832;6.1150002480;116352;3853;25;454656;94844772;58817975
56960;6.1890001297;117276;4535;25;455680;95077920;58897867
57088;6.1360001564;115836;4379;26;456704;95311112;58980025
57216;7.3120002747;117420;4506;25;457728;95544348;59062200
57344;6.1910004616;117791;3985;22;458752;95777627;59146662
57472;6.2030000687;116988;4299;12;459776;96010951;59219716
57600;6.4310002327;117361;4088;24;460800;96244317;59294963
57728;6.2040004730;118019;4168;24;461824;96477727;59370225
57856;6.1890001297;118202;4340;27;462848;96711180;59447776
57984;7.2310004234;119187;4607;27;463872;96944677;59523059
58112;6.2160000801;117758;4566;23;464896;97178216;59600609
58240;6.2240004539;118833;4556;19;465920;97411798;59678176
58368;6.2130002975;119775;4452;21;466944;97645424;59758030
58496;7.5410003662;120155;4669;30;467968;97879092;59833331
58624;7.2250003815;119276;4459;22;468992;98112802;59910882
58752;6.2400002480;120083;4087;21;470016;98346556;59988448
58880;6.2610001564;120819;4441;24;471040;98580352;60068303
59008;7.5510005951;121614;4532;27;472064;98814190;60145890
59136;7.0950002670;120580;4467;18;473088;99048071;60225744
59264;6.3390002251;121224;4244;24;474112;99281993;60305614
59392;6.2840003967;123226;4330;25;475136;99515958;60387773
59520;7.5870003700;123443;4845;22;476160;99749965;60463094
59648;7.0660004616;122317;4486;20;477184;99984014;60540644
59776;6.2870001793;121544;4277;29;478208;100218105;60618210
59904;6.3140001297;123840;4619;18;479232;100452238;60698065
60032;7.6010003090;124627;4640;26;480256;100686412;60775652
60160;6.8230004311;122948;4962;26;481280;100920628;60855506
60288;6.3150005341;123538;4233;28;482304;101154886;60935376
60416;6.3220005035;124555;4102;23;483328;101389185;61017534
60544;8.8730001450;125029;4618;14;484352;101623525;61095141
60672;6.3330001831;124209;4671;23;485376;101857906;61174995
60800;6.3590002060;124357;4588;25;486400;102092329;61254865
60928;6.3400001526;126264;4228;19;487424;102326793;61337023
61056;6.4330000877;127344;5098;32;488448;102561297;61416915
61184;6.4430003166;125832;4899;23;489472;102795843;61499073
61312;6.4080004692;126011;4606;28;490496;103030430;61581248
61440;6.3820004463;128362;4429;19;491520;103265057;61665710
61568;6.4500002861;127228;4681;31;492544;103499725;61741049
61696;6.4210004807;126425;4270;26;493568;103734433;61818600
61824;7.6040005684;126919;4753;16;494592;103969182;61896167
61952;6.9270005226;129542;4530;39;495616;104203971;61976021
62080;6.4790000916;129021;4962;34;496640;104438801;62053607
62208;6.4300003052;127707;5178;26;497664;104673670;62133462
62336;7.5720005035;128033;4711;29;498688;104908580;62213333
62464;6.4470005035;130294;5031;24;499712;105143530;62295491
62592;7.4070005417;130733;5031;27;500736;105378520;62373097
62720;7.4470005035;129083;4886;21;501760;105613550;62452951
62848;6.4560003281;129677;5101;23;502784;105848620;62532822
62976;6.4680004120;132104;4519;21;503808;106083730;62614979
63104;7.1370005608;132285;5175;27;504832;106318879;62694871
63232;6.6190004349;130639;4974;17;505856;106554067;62777029
63360;6.7370004654;130960;4792;23;506880;106789296;62859204
63488;7.0690002441;133686;4592;18;507904;107024563;62943666
63616;7.6510004997;133649;5106;22;508928;107259870;63021291
63744;7.6320004463;131973;4808;23;509952;107495217;63101145
63872;6.5140004158;132306;5135;25;510976;107730602;63181016
64000;6.4970002174;134908;4885;34;512000;107966026;63263174
64128;6.5760002136;134488;5283;27;513024;108201490;63343065
64256;6.5270004272;133265;4912;36;514048;108436992;63425223
64384;6.5110001564;133545;4960;33;515072;108672534;63507398
64512;6.5140004158;136084;4564;21;516096;108908114;63591859
64640;6.5790004730;136234;5233;20;517120;109143733;63671770
64768;6.9840002060;135456;5093;24;518144;109379390;63753928
64896;6.5960001945;134686;4777;26;519168;109615086;63836102
65024;6.5350003242;138561;4728;28;520192;109850821;63920565
65152;6.6030001640;137431;5558;30;521216;110086594;64002760
65280;6.5520005226;137095;4918;32;522240;110322405;64087222
65408;6.5650005341;137996;4944;27;523264;110558255;64171701
65536;6.5620002747;139639;4594;32;524288;110794142;64258467
65664;6.6560001373;136872;5529;19;525312;111030068;64435150
65792;6.6030001640;136337;5307;28;526336;111266032;64613948
65920;6.6320004463;136722;4822;16;527360;111502034;64792763
66048;6.7500004768;138028;5209;22;528384;111738074;64973866
66176;6.7360005379;139194;5199;19;529408;111974151;65152700
66304;7.4830002785;138497;5069;15;530432;112210266;65333802
66432;6.7400002480;139039;5384;19;531456;112446419;65514921
66560;7.0690002441;139269;5094;20;532480;112682610;65698328
66688;6.9670004845;140891;5288;26;533504;112918838;65877181
66816;7.2140002251;140586;5338;32;534528;113155103;66058283
66944;6.8250002861;140471;4832;20;535552;113391406;66239402
67072;7.9170002937;139924;5373;28;536576;113627747;66422809
67200;6.9150004387;142059;5421;21;537600;113864124;66603947
67328;7.8640003204;141862;5004;24;538624;114100539;66787353
67456;6.9040002823;140786;5559;22;539648;114336990;66970776
67584;7.2190003395;142764;5159;32;540672;114573479;67156487
67712;6.9970002174;144203;5245;31;541696;114810005;67335359
67840;7.3670005798;143995;5144;24;542720;115046567;67516461
67968;6.9800004959;142587;5164;20;543744;115283167;67697580
68096;7.9530005455;143422;4911;22;544768;115519803;67880987
68224;7.0710000992;145120;5604;20;545792;115756476;68062125
68352;7.3200001717;145133;5430;29;546816;115993185;68245531
68480;7.0570001602;143942;5518;14;547840;116229931;68428954
68608;7.1100001335;144098;5142;16;548864;116466713;68614664
68736;7.1790003777;147796;5615;28;549888;116703532;68795822
68864;7.1120004654;145847;5191;23;550912;116940387;68979227
68992;7.1350002289;146043;4967;28;551936;117177279;69162651
69120;7.9260005951;146537;5311;19;552960;117414206;69348362
69248;7.2270002365;148212;5975;26;553984;117651170;69531804
69376;7.1970005035;147133;5222;23;555008;117888170;69717514
69504;7.2100005150;146884;5513;23;556032;118125206;69903241
69632;7.2280001640;147630;5219;12;557056;118362277;70091256
69760;7.3500003815;149426;5241;29;558080;118599385;70270147
69888;7.2630004883;147762;5258;24;559104;118836529;70451248
70016;7.3630003929;147999;5025;28;560128;119073708;70632368
70144;7.3120002747;148803;5752;13;561152;119310923;70815781
70272;7.4030003548;150837;5604;25;562176;119548173;70996913
70400;7.3990001678;150018;5514;24;563200;119785459;71180319
70528;7.4160003662;149312;5321;26;564224;120022780;71363742
70656;7.3810005188;150576;5352;16;565248;120260137;71549452
70784;7.4790005684;152494;5838;37;566272;120497529;71730610
70912;7.4260001183;150557;5404;22;567296;120734957;71914015
71040;7.4600005150;151017;5569;22;568320;120972420;72097439
71168;7.4740004539;151811;5749;19;569344;121209918;72283150
71296;7.5610003471;152826;5777;31;570368;121447451;72466592
71424;7.5170001984;152198;5196;31;571392;121685019;72652301
71552;7.5310001373;153266;5497;26;572416;121922621;72838029
71680;12.6520004272;153410;5516;28;573440;122160259;73026045
71808;7.7460002899;154482;5961;21;574464;122397932;73207220
71936;7.5810003281;154067;5430;23;575488;122635640;73390626
72064;7.6030001640;153926;5674;23;576512;122873382;73574049
72192;7.6440005302;154736;5624;29;577536;123111159;73759760
72320;7.7230005264;154941;5855;35;578560;123348970;73943203
72448;7.7050004005;156106;5452;30;579584;123586816;74128912
72576;7.6670002937;155408;5867;28;580608;123824697;74314639
72704;7.6850004196;156348;5603;23;581632;124062611;74502654
72832;7.7750005722;157211;6279;29;582656;124300561;74686115
72960;7.7230005264;156978;5869;29;583680;124538544;74871825
73088;7.7860002518;156985;5240;21;584704;124776562;75057552
73216;7.7510004044;157700;5969;34;585728;125014614;75245567
73344;7.8570003510;157935;5986;28;586752;125252700;75431313
73472;8.2340002060;158432;5962;30;587776;125490820;75619327
73600;7.8060002327;158515;5750;16;588800;125728974;75807358
73728;7.8160004616;160043;5573;31;589824;125967162;75997677
73856;7.9240002632;159881;6020;25;590848;126205384;76176587
73984;7.8630003929;159567;5699;35;591872;126443640;76357689
74112;7.8820004463;159096;5623;18;592896;126681929;76538808
74240;7.9310002327;159938;5697;26;593920;126920252;76722214
74368;8.0799999237;160839;6058;37;594944;127158609;76903353
74496;8.0590000153;160610;5852;33;595968;127397000;77086759
74624;7.9860005379;160878;5409;28;596992;127635424;77270182
74752;8.0560007095;161173;5651;22;598016;127873881;77455892
74880;8.0880002975;161969;6050;23;599040;128112372;77637050
75008;8.0420007706;161703;6182;20;600064;128350896;77820456
75136;8.1330003738;162251;5659;34;601088;128589453;78003879
75264;8.0750007629;162603;5651;23;602112;128828044;78189589
75392;8.1950006485;163326;6250;28;603136;129066668;78373032
75520;8.1570005417;163132;5731;31;604160;129305325;78558742
75648;8.1490001678;163486;6070;35;605184;129544015;78744471
75776;8.2280006409;164978;5419;21;606208;129782738;78932483
75904;8.2930002213;164701;6051;30;607232;130021494;79113660
76032;8.2120008469;164892;5529;33;608256;130260283;79297066
76160;8.2379999161;164952;5353;15;609280;130499105;79480488
76288;8.2360000610;164920;6097;24;610304;130737960;79666199
76416;8.5000000000;166351;6165;23;611328;130976847;79849643
76544;8.2890005112;165307;6303;27;612352;131215767;80035353
76672;9.0010004044;165980;5594;32;613376;131454720;80221079
76800;8.3310003281;167161;5985;31;614400;131693705;80409093
76928;8.4250001907;166980;6175;20;615424;131932723;80592555
77056;8.3650007248;167167;6102;33;616448;132171773;80778265
77184;8.3690004349;167582;6191;22;617472;132410855;80963992
77312;8.4000005722;167788;5996;28;618496;132649970;81152006
77440;8.4990005493;169041;6607;24;619520;132889118;81337753
77568;8.4850006104;169236;5693;22;620544;133128297;81525767
77696;8.4570007324;168849;6749;15;621568;133367509;81713798
77824;8.5700006485;170213;5954;14;622592;133606753;81904116
77952;8.5780000687;170059;6456;36;623616;133846029;82085312
78080;8.5870008469;169579;6021;33;624640;134085337;82268718
78208;8.5360002518;170363;6320;29;625664;134324677;82452141
78336;8.5600004196;170483;6170;34;626688;134564049;82637851
78464;8.6800003052;170827;6814;35;627712;134803453;82821295
78592;9.4150009155;172004;6698;27;628736;135042888;83007005
78720;8.6300001144;171566;6105;18;629760;135282356;83192731
78848;9.3770008087;172078;6010;12;630784;135521855;83380745
78976;8.8810005188;173091;6949;30;631808;135761386;83564208
79104;9.2950000763;172393;6506;25;632832;136000948;83749917
79232;8.7130002975;172565;6199;26;633856;136240542;83935644
79360;8.8850002289;173705;6352;14;634880;136480168;84123658
79488;8.8290004730;173733;6604;23;635904;136719825;84309405
79616;9.2370004654;173831;6122;30;636928;136959513;84497419
79744;8.7760000229;173963;6145;22;637952;137199233;84685450
79872;8.7870006561;174717;6165;30;638976;137438984;84875768
80000;9.3880004883;175474;6840;29;640000;137678766;85059250
80128;8.8360004425;175091;6280;26;641024;137918580;85244959
80256;9.0220003128;175683;6242;21;642048;138158425;85430686
80384;8.8710002899;177315;6844;24;643072;138398301;85618700
80512;9.4200000763;176741;7154;32;644096;138638208;85804448
80640;8.9130001068;176552;6736;33;645120;138878146;85992462
80768;8.9750003815;176817;7067;36;646144;139118115;86180493
80896;9.6760005951;176761;5918;21;647168;139358114;86370810
81024;9.0690002441;177956;6719;28;648192;139598145;86556576
81152;10.0140008926;177907;6360;27;649216;139838207;86744590
81280;9.0729999542;178261;6303;26;650240;140078299;86932621
81408;9.6660003662;178597;6237;22;651264;140318422;87122939
81536;9.7060003281;180664;6626;27;652288;140558576;87310991
81664;9.0570001602;179185;6592;34;653312;140798760;87501309
81792;9.0989999771;180682;6332;22;654336;141038975;87691644
81920;9.7840003967;181261;6335;28;655360;141279221;87884265
82048;9.3010005951;179909;7234;28;656384;141519497;88063196
82176;11.6660003662;178969;6946;37;657408;141759803;88244297
82304;9.1760005951;180572;6853;29;658432;142000140;88425417
82432;9.2060003281;182199;7256;27;659456;142240507;88608823
82560;9.3010005951;180774;6683;29;660480;142480905;88789962
82688;9.2380008698;180687;6889;26;661504;142721333;88973368
82816;9.9980001450;181909;6539;27;662528;142961790;89156790
82944;9.2829999924;182430;6274;32;663552;143202279;89342500
83072;9.3900003433;182921;6748;27;664576;143442797;89523658
83200;9.7850008011;182172;6864;25;665600;143683345;89707065
83328;9.3330001831;183264;6272;25;666624;143923923;89890487
83456;9.3740005493;183837;6445;22;667648;144164532;90076198
83584;10.2290000916;184524;6814;47;668672;144405170;90259640
83712;9.8110008240;183292;6778;20;669696;144645838;90445351
83840;9.5360002518;184604;7094;25;670720;144886536;90631079
83968;9.4430007935;185294;6450;30;671744;145127263;90819091
84096;10.0620002747;186774;6425;58;672768;145368021;91000269
84224;10.2970008850;185043;6544;27;673792;145608808;91183674
84352;9.5700006485;185471;6336;22;674816;145849625;91367097
84480;9.5329999924;186031;6701;27;675840;146090471;91552807
84608;9.6500005722;187302;6916;29;676864;146331347;91736249
84736;9.5650005341;185782;7225;29;677888;146572253;91921960
84864;9.6080007553;186951;6784;30;678912;146813188;92107687
84992;9.5990009308;186917;6372;47;679936;147054152;92295701
85120;9.7549438477;188258;6924;24;680960;147295146;92479163
85248;10.4790000916;187742;6533;31;681984;147536169;92664873
85376;9.6640005112;188125;6543;26;683008;147777221;92850600
85504;9.6930007935;188608;6649;29;684032;148018303;93038614
85632;9.8390007019;189478;6569;34;685056;148259414;93224361
85760;9.7410001755;188513;6820;28;686080;148500554;93412375
85888;9.7550001144;189326;6800;29;687104;148741723;93600406
86016;9.7800006866;190977;6360;37;688128;148982921;93790724
86144;9.9360008240;191026;7004;28;689152;149224148;93971920
86272;9.8110008240;189803;6723;39;690176;149465405;94155326
86400;9.9980001450;191195;6566;28;691200;149706690;94338749
86528;10.1830005646;192006;6560;55;692224;149948004;94524459
86656;10.5400009155;192954;7205;27;693248;150189347;94707903
86784;10.7000007629;191744;7201;25;694272;150430719;94893613
86912;9.9260005951;192875;7001;35;695296;150672119;95079339
87040;10.0050001144;194393;6883;35;696320;150913549;95267354
87168;10.0700006485;193903;7212;23;697344;151155007;95450815
87296;17.2330017090;192731;7809;35;698368;151396493;95636527
87424;10.0050001144;193667;6976;39;699392;151638009;95822253
87552;10.0720005035;194239;6855;35;700416;151879552;96010266
87680;10.1300001144;194426;7273;29;701440;152121125;96196013
87808;10.0650005341;193247;7374;25;702464;152362726;96384027
87936;10.0720005035;194885;7079;35;703488;152604355;96572058
88064;10.0920000076;194937;6832;24;704512;152846013;96762376
88192;10.5090007782;195917;7760;23;705536;153087699;96945858
88320;10.7210006714;194471;7266;28;706560;153329413;97131568
88448;10.8170003891;195928;6770;22;707584;153571156;97317295
88576;10.1900005341;197204;7287;21;708608;153812927;97505309
88704;10.3000001907;197587;7578;38;709632;154054726;97691055
88832;10.2020006180;196032;7152;29;710656;154296553;97879069
88960;10.6390008926;197994;7264;37;711680;154538408;98067101
89088;10.9950008392;197220;7039;19;712704;154780292;98257419
89216;10.3840007782;198899;7085;28;713728;155022203;98443185
89344;10.2750005722;197250;7125;31;714752;155264143;98631198
89472;10.3150005341;198558;7282;26;715776;155506110;98819230
89600;11.0620002747;199737;7093;25;716800;155748105;99009548
89728;10.4570007324;199549;7619;26;717824;155990129;99197598
89856;10.3820009232;198526;6994;31;718848;156232180;99387916
89984;12.4519653320;201594;7282;35;719872;156474259;99578252
90112;11.1920003891;201233;6846;31;720896;156716365;99770874
90240;10.5350008011;199678;7656;28;721920;156958499;99952089
90368;10.4470005035;200223;7353;32;722944;157200661;100135494
90496;10.7610006332;200654;7133;14;723968;157442851;100318918
90624;11.2570009232;203168;7191;32;724992;157685068;100504628
90752;10.6300001144;202441;7764;22;726016;157927313;100688070
90880;10.5640001297;200728;7131;22;727040;158169585;100873780
91008;10.8550004959;202046;7112;27;728064;158411885;101059508
91136;11.3740005493;203107;7394;28;729088;158654212;101247522
91264;10.7080001831;203056;7963;29;730112;158896567;101430984
91392;10.6320009232;203260;7586;43;731136;159138949;101616694
91520;10.6990003586;203301;7087;30;732160;159381358;101802421
91648;10.6610002518;204267;6785;38;733184;159623795;101990435
91776;10.9310007095;205629;8092;58;734208;159866259;102176184
91904;10.7340002060;203774;7176;39;735232;160108750;102364196
92032;10.7230005264;204661;7367;30;736256;160351268;102552227
92160;15.8280010223;205850;6854;31;737280;160593814;102742545
92288;10.8860006332;206990;7851;48;738304;160836386;102926026
92416;10.7950000763;205107;7301;30;739328;161078986;103111736
92544;10.7990007401;205151;7161;35;740352;161321612;103297463
92672;10.8940000534;207573;7014;27;741376;161564266;103485477
92800;11.0620002747;206880;8264;40;742400;161806946;103671224
92928;10.8880004883;206316;7415;34;743424;162049654;103859237
93056;10.8800001144;206790;7436;30;744448;162292388;104047269
93184;11.0190000534;208606;7795;42;745472;162535149;104237588
93312;11.1390008926;208253;7993;23;746496;162777937;104423353
93440;10.9410009384;208668;7660;54;747520;163020752;104611366
93568;10.9520006180;207813;7446;34;748544;163263593;104799398
93696;11.0690002441;209969;7271;34;749568;163506461;104989716
93824;11.1240005493;209415;7883;26;750592;163749356;105177767
93952;11.1370000839;209140;7077;36;751616;163992278;105368085
94080;11.0640001297;209547;7739;17;752640;164235226;105558420
94208;11.0840005875;211781;6826;33;753664;164478200;105751042
94336;11.1970005035;210400;7677;51;754688;164721201;105934541
94464;11.1070003510;210990;7728;49;755712;164964229;106120252
94592;11.1210002899;210804;6893;38;756736;165207283;106305978
94720;11.1240005493;211528;7576;29;757760;165450363;106493992
94848;11.2790002823;212945;7745;25;758784;165693470;106679740
94976;11.1780004501;212458;7232;44;759808;165936603;106867754
95104;11.2220001221;212286;7423;25;760832;166179762;107055785
95232;11.2240009308;212903;7525;42;761856;166422948;107246103
95360;11.4300003052;213603;7491;43;762880;166666160;107431868
95488;11.2810001373;213294;7801;36;763904;166909398;107619883
95616;11.3100004196;213478;7384;25;764928;167152662;107807914
95744;11.2950000763;214111;7466;38;765952;167395952;107998232
95872;11.4380006790;214763;7820;37;766976;167639269;108186283
96000;11.3280000687;214455;7222;43;768000;167882611;108376601
96128;11.3740005493;214244;8227;43;769024;168125979;108566936
96256;11.3530006409;215350;7887;23;770048;168369374;108759558
96384;11.5080003738;216641;8022;24;771072;168612794;108945343
96512;11.4170007706;215865;7734;32;772096;168856241;109133357
96640;11.4370002747;216350;8120;46;773120;169099713;109321388
96768;11.5900001526;218299;7742;51;774144;169343211;109511706
96896;11.5890007019;217556;8623;43;775168;169586735;109699757
97024;11.4910001755;217424;8203;45;776192;169830284;109890075
97152;11.5010004044;217536;8259;35;777216;170073860;110080410
97280;11.5430002213;219217;7503;34;778240;170317461;110273032
97408;11.6870002747;219448;8190;46;779264;170561087;110461101
97536;11.6200008392;218172;7602;34;780288;170804740;110651420
97664;11.5920009613;218456;7641;43;781312;171048418;110841754
97792;11.6110010147;218576;7446;30;782336;171292121;111034377
97920;11.7410001755;221217;8312;25;783360;171535850;111224731
98048;11.6580009460;221625;7588;55;784384;171779605;111417354
98176;11.6890001297;222310;7356;34;785408;172023385;111609993
98304;11.6850004196;223584;7395;24;786432;172267191;111804919
98432;11.8400001526;219367;8091;40;787456;172511022;111879036
98560;11.7040004730;220405;8142;25;788480;172754878;111955312
98688;11.7300004959;220619;7908;29;789504;172998759;112031593
98816;11.7490005493;221930;7853;34;790528;173242666;112110167
98944;11.9100008011;222111;8718;39;791552;173486599;112186473
99072;11.7550001144;222118;8230;26;792576;173730556;112265048
99200;11.7500009537;221939;7977;27;793600;173974539;112343638
99328;11.7700004578;221868;8189;27;794624;174218547;112424517
99456;11.9060001373;222790;8708;28;795648;174462580;112500842
99584;11.7850008011;223055;8359;37;796672;174706638;112579417
99712;11.8020009995;223610;7886;60;797696;174950721;112658008
99840;11.7940006256;224027;7885;27;798720;175194829;112738886
99968;11.9360008240;224664;8831;27;799744;175438962;112817497
100096;11.8210000992;224276;7751;41;800768;175683121;112898375
100224;11.8310003281;224692;8176;40;801792;175927304;112979270
100352;11.9360008240;225311;8222;46;802816;176171512;113062452
100480;11.9710006714;226914;8410;15;803840;176415745;113138797
100608;11.8650007248;225673;8004;41;804864;176660003;113217371
100736;11.8750009537;226052;8146;17;805888;176904285;113295961
100864;11.8800001144;227010;7861;46;806912;177148593;113376840
100992;12.0390005112;229158;8555;35;807936;177392925;113455451
101120;11.8940010071;226862;8461;26;808960;177637282;113536329
101248;11.8980007172;227818;8573;22;809984;177881664;113617224
101376;11.9290008545;228023;8291;34;811008;178126070;113700406
101504;12.0320005417;228607;8840;28;812032;178370501;113779036
101632;11.9190006256;228314;8301;39;813056;178614956;113859914
101760;11.9200010300;228907;8462;38;814080;178859436;113940809
101888;12.0490007401;230052;8259;39;815104;179103941;114023992
102016;12.0600004196;231015;8194;26;816128;179348470;114104906
102144;11.9490003586;229463;7878;40;817152;179593024;114188088
102272;12.0100002289;230195;8727;36;818176;179837602;114271287
102400;12.0610008240;231739;7919;39;819200;180082205;114356773
102528;12.1060009003;231569;9133;30;820224;180326832;114433137
102656;12.0560007095;230616;8163;35;821248;180571483;114511711
102784;11.9769287109;231456;8403;31;822272;180816158;114590308
102912;12.0180006027;232630;8610;42;823296;181060858;114671180
103040;12.1320009232;232937;8936;49;824320;181305583;114749791
103168;12.0050001144;232408;8656;30;825344;181550331;114830669
103296;12.0210008621;232702;8855;26;826368;181795104;114911564
103424;12.0560007095;234275;8428;31;827392;182039900;114994746
103552;12.1550006866;235140;9108;36;828416;182284721;115073376
103680;12.0680007935;233693;8568;17;829440;182529567;115154254
103808;12.0590009689;234003;8515;35;830464;182774436;115235149
103936;12.0540008545;234679;8449;44;831488;183019329;115318331
104064;12.2180004120;236230;8902;39;832512;183264246;115399246
104192;12.1330003738;235089;8596;32;833536;183509187;115482428
104320;12.1700010300;235997;9005;47;834560;183754153;115565627
104448;12.0910005569;235196;8310;35;835584;183999142;115651113
104576;12.2140007019;237380;9049;21;836608;184244155;115729763
104704;12.1880006790;237145;9286;26;837632;184489192;115810641
104832;12.1150007248;238371;8752;37;838656;184734253;115891535
104960;12.1240005493;237237;8412;30;839680;184979337;115974717
105088;12.2730007172;239001;8844;28;840704;185224446;116055632
105216;12.1250009537;238005;8815;36;841728;185469578;116138814
105344;12.1260004044;238789;8646;40;842752;185714734;116222013
105472;12.1490001678;239820;8529;36;843776;185959914;116307499
105600;12.2890005112;240723;8539;50;844800;186205117;116388433
105728;12.2040004730;238740;8582;35;845824;186450344;116471615
105856;12.1620006561;239311;8329;33;846848;186695594;116554814
105984;12.1700010300;239635;8459;54;847872;186940869;116640300
106112;12.3890008926;241446;9078;48;848896;187186166;116723519
106240;12.1890001297;239850;8239;32;849920;187431488;116809005
106368;12.1770009995;240273;9083;74;850944;187676832;116894507
106496;12.1710004807;241324;8444;39;851968;187922201;116982298
106624;12.3190002441;242953;8912;42;852992;188167592;117058681
106752;12.1900005341;241424;8982;43;854016;188413008;117137255
106880;12.2150001526;242574;8754;46;855040;188658446;117215846
107008;12.2400007248;242985;8964;83;856064;188903908;117296724
107136;13.5740003586;245540;9145;23;857088;189149393;117375335
107264;12.3100004196;242758;8620;48;858112;189394902;117456213
107392;12.2950010300;243560;8444;44;859136;189640434;117537108
107520;12.2480001450;243533;9117;21;860160;189885989;117620290
107648;12.3960008621;244706;9183;35;861184;190131567;117698920
107776;12.2710008621;243668;9061;34;862208;190377169;117779798
107904;12.2610006332;244169;8513;32;863232;190622793;117860693
108032;12.2910003662;245615;8611;33;864256;190868441;117943875
108160;12.4160003662;246111;9299;32;865280;191114112;118024790
108288;12.3110008240;245262;8663;43;866304;191359806;118107972
108416;12.3060007095;247424;8843;34;867328;191605524;118191171
108544;12.3770008087;247670;9235;33;868352;191851264;118276658
108672;12.4450006485;249089;9237;39;869376;192097027;118355306
108800;12.3190002441;246627;8774;23;870400;192342813;118436184
108928;12.3300008774;248501;8377;40;871424;192588622;118517078
109056;12.4450006485;248800;9292;61;872448;192834454;118600263
109184;12.5720005035;250722;9120;35;873472;193080309;118681177
109312;12.3540010452;247558;9008;32;874496;193326187;118764358
109440;12.5900001526;248498;9271;43;875520;193572088;118847557
109568;12.3610010147;250603;9037;45;876544;193818011;118933043
109696;12.7720003128;251002;9627;48;877568;194063957;119013977
109824;12.5530004501;249565;8877;32;878592;194309926;119097159
109952;12.3680009842;249715;9115;36;879616;194555918;119180358
110080;12.3780002594;252353;9039;26;880640;194801933;119265844
110208;12.5050010681;252732;9588;37;881664;195047970;119349063
110336;12.5630006790;251658;9168;32;882688;195294030;119434549
110464;12.4750003815;251899;9414;26;883712;195540112;119520052
110592;12.8410005569;254119;9192;35;884736;195786217;119607842
110720;12.5490007401;252845;9430;29;885760;196032345;119686510
110848;12.4880008698;252076;9285;50;886784;196278495;119767389
110976;12.4100008011;253012;9071;34;887808;196524668;119848283
111104;12.4070005417;254059;9353;42;888832;196770863;119931465
111232;12.5460004807;254622;9872;53;889856;197017081;120012380
111360;12.5580005646;253954;9260;52;890880;197263321;120095562
111488;12.7960004807;255897;8884;57;891904;197509584;120178761
111616;12.5640001297;255905;8953;44;892928;197755869;120264247
111744;12.5950002670;257070;9568;42;893952;198002177;120345181
111872;12.4580001831;255356;9399;35;894976;198248506;120428363
112000;12.5440006256;256526;9105;53;896000;198494858;120511562
112128;12.4580001831;257049;9292;41;897024;198741233;120597048
112256;12.5750007629;256922;10018;51;898048;198987629;120680267
112384;12.4580001831;255973;8775;44;899072;199234048;120765752
112512;12.4880008698;257874;8931;35;900096;199480490;120851256
112640;12.4730005264;258819;9354;44;901120;199726953;120939046
112768;12.5890007019;257991;9549;48;902144;199973438;121019998
112896;12.4820003510;257929;10059;47;903168;200219946;121103182
113024;12.5430002213;259326;8733;32;904192;200466476;121186380
113152;12.4860010147;261285;9170;22;905216;200713028;121271866
113280;12.9940004349;262226;10315;49;906240;200959602;121355085
113408;12.5230007172;259265;9864;27;907264;201206198;121440570
113536;12.4910001755;260242;8781;57;908288;201452816;121526074
113664;14.3930006027;263054;9722;61;909312;201699456;121613865
113792;12.6280002594;262809;9689;22;910336;201946118;121697102
113920;12.5060005188;260129;9851;44;911360;202192802;121782588
114048;12.5120010376;261419;9059;45;912384;202439507;121868091
114176;12.6870002747;263710;9225;35;913408;202686235;121955881
114304;13.0420007706;264372;9271;60;914432;202932985;122041404
114432;12.5470008850;260798;9560;68;915456;203179756;122129194
114560;12.5360002518;263934;9415;35;916480;203426550;122217000
114688;12.5420007706;266051;8999;70;917504;203673365;122307095
114816;12.6960010529;264258;10154;53;918528;203920202;122383498
114944;12.9510002136;262269;9465;55;919552;204167060;122462071
115072;12.5680007935;264120;9401;43;920576;204413941;122540661
115200;12.6040010452;265452;9522;36;921600;204660843;122621540
115328;12.7260007858;266641;10073;40;922624;204907767;122700151
115456;12.6110010147;263544;10116;51;923648;205154712;122781028
115584;12.9050006866;264872;9150;49;924672;205401679;122861924
115712;12.6260004044;266184;9724;35;925696;205648668;122945106
115840;12.7870006561;266755;9336;32;926720;205895678;123023736
115968;12.6340007782;264637;9417;26;927744;206142710;123104614
116096;12.6960010529;266582;9368;50;928768;206389763;123185509
116224;12.7890005112;268005;9815;26;929792;206636838;123268692
116352;12.8200006485;266994;10234;47;930816;206883934;123349606
116480;12.6720008850;266127;9925;38;931840;207131052;123432788
116608;12.8460006714;267177;9662;40;932864;207378191;123515987
116736;12.7030010223;269987;9332;52;933888;207625352;123601473
116864;12.8290004730;271123;10302;42;934912;207872534;123680122
116992;12.8170003891;267736;9729;45;935936;208119737;123761000
117120;12.7240009308;268366;9663;63;936960;208366962;123841895
117248;12.7940006256;270521;9706;37;937984;208614208;123925077
117376;12.9520006180;270714;10306;45;939008;208861476;124005992
117504;12.7400007248;269057;10637;47;940032;209108764;124089174
117632;12.7630004883;270354;9884;40;941056;209356074;124172374
117760;13.0680007935;272095;9748;46;942080;209603405;124257859
117888;12.9900007248;271438;9672;45;943104;209850758;124338794
118016;17.8440017700;269423;9925;37;944128;210098131;124421976
118144;12.8030004501;271759;9099;48;945152;210345526;124505174
118272;12.8150005341;273352;9154;61;946176;210592942;124590660
118400;12.9290008545;272860;10045;43;947200;210840379;124673878
118528;12.8080005646;271586;9770;28;948224;211087837;124759365
118656;12.8260002136;272464;9561;44;949248;211335316;124844868
118784;12.9230003357;275123;9748;94;950272;211582816;124932658
118912;12.9650001526;274282;10173;48;951296;211830338;125011326
119040;12.9300003052;273077;9575;44;952320;212077880;125092204
119168;12.8660001755;274283;9662;43;953344;212325443;125173099
119296;12.8880004883;276564;9713;39;954368;212573027;125256281
119424;12.9910001755;276828;10528;65;955392;212820632;125337196
119552;12.9680004120;274213;9683;37;956416;213068258;125420378
119680;12.8860006332;275187;9482;60;957440;213315905;125503577
119808;12.9520006180;277703;9409;34;958464;213563573;125589062
119936;13.0160007477;278015;10017;41;959488;213811261;125669997
120064;12.8930006027;275806;9911;30;960512;214058971;125753179
120192;12.8940010071;276617;9757;33;961536;214306701;125836378
120320;12.9470005035;279300;9356;23;962560;214554452;125921864
120448;13.0390005112;279167;10486;39;963584;214802224;126005083
120576;12.9160003662;277100;9864;36;964608;215050016;126090569
120704;15.2040004730;279313;10428;53;965632;215297830;126176073
120832;13.3090009689;280573;9824;43;966656;215545664;126263862
120960;13.0680007935;280477;10376;51;967680;215793518;126344816
121088;13.3310003281;278910;10367;46;968704;216041393;126427997
121216;13.0000009537;279310;10085;47;969728;216289289;126511197
121344;13.1660003662;281540;10040;43;970752;216537206;126596683
121472;13.3740005493;281299;10619;41;971776;216785143;126679901
121600;12.9920005798;280273;9972;55;972800;217033100;126765387
121728;12.9840002060;281074;10522;34;973824;217281079;126850891
121856;13.0280008316;283035;9102;68;974848;217529077;126938681
121984;13.1230010986;283579;10181;46;975872;217777096;127021918
122112;12.9870004654;280856;9898;41;976896;218025136;127107404
122240;17.8330001831;281507;9551;39;977920;218273196;127192907
122368;13.0080003738;285693;9827;45;978944;218521277;127280697
122496;13.2140007019;284199;10180;34;979968;218769377;127366221
122624;13.0350008011;281559;10539;39;980992;219017499;127454010
122752;13.0460004807;282145;10218;37;982016;219265640;127541817
122880;13.0400009155;286890;10073;40;983040;219513803;127631912
123008;13.4560003281;286600;10243;50;984064;219761985;127710599
123136;13.0670003891;285207;10290;50;985088;220010188;127791476
123264;13.0920009613;284150;10122;32;986112;220258410;127872371
123392;13.0780010223;287534;10387;56;987136;220506654;127955553
123520;13.5320005417;288135;9686;72;988160;220754917;128036468
123648;13.1010007858;285531;10009;76;989184;221003201;128119650
123776;13.1940002441;285157;9625;43;990208;221251505;128202849
123904;13.1250009537;289264;10217;31;991232;221499829;128288335
124032;13.3350009918;289896;10750;49;992256;221748173;128369270
124160;13.1200008392;285426;10123;36;993280;221996537;128452451
124288;13.1340007782;285821;10385;60;994304;222244922;128535650
124416;13.3550004959;291594;9921;48;995328;222493326;128621136
124544;13.2650003433;290369;10891;52;996352;222741751;128704355
124672;13.1570005417;287988;10818;39;997376;222990195;128789842
124800;13.4720010757;286164;10459;77;998400;223238660;128875344
124928;13.2810010910;293448;9602;49;999424;223487145;128963135
125056;13.2970008850;293138;10693;46;1000448;223735650;129044087
125184;13.1830005646;289505;10787;32;1001472;223984174;129127269
125312;13.1950006485;289487;9736;44;1002496;224232719;129210468
125440;13.3330001831;294943;10115;55;1003520;224481283;129295955
125568;13.3260002136;294008;11093;29;1004544;224729868;129379173
125696;13.2160005569;291163;10665;26;1005568;224978472;129464660
125824;13.2020006180;290076;10879;44;1006592;225227097;129550162
125952;13.2880010605;295361;9978;38;1007616;225475741;129637952
126080;13.4400005341;295599;10997;54;1008640;225724404;129721191
126208;13.5530004501;292262;10387;53;1009664;225973088;129806676
126336;18.2870006561;291999;9959;35;1010688;226221792;129892180
126464;13.2650003433;296679;10560;35;1011712;226470515;129979970
126592;13.3530006409;296050;11437;45;1012736;226719258;130065492
126720;13.3310003281;293265;10233;47;1013760;226968021;130153282
126848;13.2680006027;292091;11276;52;1014784;227216803;130241090
126976;13.5480003357;298910;10791;66;1015808;227465605;130331184
127104;13.6019287109;296887;10825;36;1016832;227714427;130412160
127232;13.2570009232;294887;10564;39;1017856;227963269;130495337
127360;13.2810010910;293933;10340;57;1018880;228212130;130578537
127488;13.5330009460;301104;10765;37;1019904;228461010;130664022
127616;13.4680004120;297589;10659;58;1020928;228709911;130747241
127744;13.3100004196;295892;10958;80;1021952;228958831;130832727
127872;13.2890005112;295565;10498;44;1022976;229207770;130918230
128000;13.2950010300;301356;10477;80;1024000;229456729;131006021
