array_size;time_spent(s);PAPI_L1_TCM;PAPI_L2_TCM;PAPI_L3_TCM;DATA_BYTES;NUM_INSTRUCTIONS;PAPI_TOT_INS
2048;0.1760000139;468;170;34;16384;1468006400;779146
2176;0.1850000024;483;210;26;17408;1657241600;820309
2304;0.1650000066;480;178;24;18432;1857945600;892466
2432;0.1820000112;535;186;20;19456;2070118400;918713
2560;0.3920000196;532;204;26;20480;2293760000;958068
2688;0.1950000077;545;218;29;21504;2528870400;1050256
2816;0.4750000238;581;208;28;22528;2775449600;1181228
2944;0.4690000117;579;194;29;23552;3033497600;1150234
3072;0.2040000111;625;188;20;24576;3303014400;1193589
3200;0.2630000114;653;172;27;25600;3584000000;1262167
3328;0.2420000136;662;194;43;26624;3876454400;1296888
3456;0.2590000033;680;237;35;27648;4180377600;1363125
3584;0.5690000057;793;236;41;28672;4495769600;1431479
3712;0.2730000019;715;251;30;29696;4822630400;1461311
3840;0.3050000072;754;183;31;30720;5160960000;1672166
3968;0.3010000288;827;178;28;31744;5510758400;1624846
4096;0.3550000191;796;192;20;32768;5872025600;1580611
4224;0.6780000329;847;264;27;33792;6244761600;1667185
4352;0.4900000095;935;237;28;34816;6628966400;1714432
4480;0.3480000198;1130;246;28;35840;7024640000;1832986
4608;0.8220000267;1540;369;25;36864;7431782400;1861445
4736;0.7610000372;1061;225;27;37888;7850393600;1904033
4864;0.7780000567;1399;242;24;38912;8280473600;1924168
4992;0.5490000248;1386;264;26;39936;8722022400;1974112
5120;0.3960000277;1343;221;29;40960;9175040000;2071556
5248;0.4010000229;1225;213;30;41984;9639526400;2110278
5376;0.3960000277;1260;251;33;43008;10115481600;2144711
5504;0.4420000315;1488;240;20;44032;10602905600;2200765
5632;0.4590000212;1414;272;31;45056;11101798400;2283626
5760;0.9250000715;1398;238;30;46080;11612160000;2300205
5888;0.8490000367;1893;265;30;47104;12133990400;2389214
6016;0.4280000329;1577;240;28;48128;12667289600;2518852
6144;0.4320000112;2036;280;30;49152;13212057600;2545021
6272;0.4930000305;2292;235;27;50176;13768294400;2625359
6400;0.5279999971;1888;252;29;51200;14336000000;2643721
6528;1.0500000715;1980;269;22;52224;14915174400;2616699
6656;0.9820000529;2106;293;24;53248;15505817600;2737653
6784;0.5090000033;2419;318;28;54272;16107929600;2778348
6912;0.5509999990;2256;263;29;55296;16721510400;2842412
7040;1.1610000134;1936;302;29;56320;17346560000;2898194
7168;0.5450000167;2009;252;31;57344;17983078400;2980224
7296;0.5590000153;2250;281;27;58368;18631065600;2979764
7424;0.5780000091;2671;308;28;59392;19290521600;3061805
7552;0.6630000472;3316;290;40;60416;19961446400;3207829
7680;0.6600000262;2529;275;27;61440;20643840000;3217930
7808;0.5990000367;3107;313;30;62464;21337702400;3274047
7936;0.6430000067;2575;291;28;63488;22043033600;3215947
8064;0.6820000410;4503;408;37;64512;22759833600;3477132
8192;0.6570000052;3509;313;25;65536;23488102400;3619035
8320;0.6730000377;3954;330;25;66560;24227840000;3580192
8448;0.6760000587;3244;311;26;67584;24979046400;3599211
8576;1.3130000830;3617;404;19;68608;25741721600;3617533
8704;1.0140000582;3373;446;33;69632;26515865600;3673199
8832;0.6790000200;3864;347;27;70656;27301478400;3729600
8960;0.6930000186;3064;317;28;71680;28098560000;3667881
9088;0.7490000129;3665;351;26;72704;28907110400;3893788
9216;0.7250000238;3653;322;25;73728;29727129600;3843065
9344;0.7470000386;4146;340;24;74752;30558617600;3976677
9472;0.7440000176;3529;316;24;75776;31401574400;3930703
9600;0.8070000410;3480;349;31;76800;32256000000;3888449
9728;0.7350000143;4809;335;22;77824;33121894400;4212971
9856;0.6970000267;3731;323;18;78848;33999257600;4169379
9984;0.8050000668;4199;309;24;79872;34888089600;4164575
10112;0.8260000348;3870;361;29;80896;35788390400;4273711
10240;0.7790000439;3945;327;25;81920;36700160000;4261897
10368;1.7510000467;4286;410;22;82944;37623398400;4381803
10496;0.7460000515;4784;347;16;83968;38558105600;4448512
10624;0.9120000601;4012;365;22;84992;39504281600;4553681
10752;1.9090000391;7073;441;21;86016;40461926400;4773812
10880;0.7620000243;4527;379;10;87040;41431040000;4538463
11008;0.9250000715;4225;444;26;88064;42411622400;4585534
11136;0.8560000658;4866;378;25;89088;43403673600;4706994
11264;0.9050000310;4941;394;21;90112;44407193600;4988671
11392;0.9220000505;5311;398;13;91136;45422182400;4932314
11520;0.9360000491;4562;395;27;92160;46448640000;4850988
11648;0.9310000539;6814;401;26;93184;47486566400;5145888
11776;0.9510000348;6101;400;34;94208;48535961600;5094132
11904;1.0080000162;5194;401;21;95232;49596825600;5076400
12032;1.0090000629;5081;393;32;96256;50669158400;5051237
12160;1.0170000792;8469;360;28;97280;51752960000;5607221
12288;0.9680000544;4764;383;27;98304;52848230400;5170895
12416;0.9790000319;5521;437;24;99328;53954969600;5228167
12544;1.0150001049;7285;506;24;100352;55073177600;5440913
12672;1.0130000114;6305;401;23;101376;56202854400;5411579
12800;1.0329999924;5365;517;21;102400;57344000000;5536425
12928;1.0099999905;6151;393;21;103424;58496614400;5528687
13056;1.0620000362;6929;421;24;104448;59660697600;5676056
13184;1.1160000563;7903;523;21;105472;60836249600;5853532
13312;1.1100000143;8087;613;20;106496;62023270400;5825374
13440;1.0950000286;5657;483;16;107520;63221760000;5719251
13568;1.0980000496;6872;425;21;108544;64431718400;5873797
13696;2.1800000668;8329;496;22;109568;65653145600;6130645
13824;1.1280000210;7630;395;17;110592;66886041600;6011322
13952;1.1330000162;7584;435;11;111616;68130406400;6074092
14080;1.1120001078;6580;423;14;112640;69386240000;6136563
14208;1.1690000296;7990;441;20;113664;70653542400;6275121
14336;1.1640000343;7451;408;19;114688;71932313600;6207477
14464;1.2270001173;9888;596;26;115712;73222553600;6557005
14592;1.2300000191;6438;688;26;116736;74524262400;6316890
14720;1.1820000410;6869;435;26;117760;75837440000;6343816
14848;1.2150000334;8362;451;20;118784;77162086400;6497728
14976;1.3180000782;6550;458;21;119808;78498201600;6415889
15104;1.3000000715;8201;659;19;120832;79845785600;6584229
15232;1.2340000868;6887;768;18;121856;81204838400;6462404
15360;1.2500000000;7823;441;18;122880;82575360000;6710366
15488;2.1890001297;12213;726;13;123904;83957350400;7103950
15616;1.3520001173;10343;783;12;124928;85350809600;6934454
15744;2.3680000305;7719;537;25;125952;86755737600;6705777
15872;1.2050000429;7265;547;32;126976;88172134400;7009885
16000;1.2670000792;7578;524;22;128000;89600000000;6766795
16128;1.3320000172;9636;497;23;129024;91039334400;7133915
16256;1.2990000248;9545;461;28;130048;92490137600;7200738
16384;1.2930001020;9232;483;25;131072;93952409600;7152645
16512;1.3670001030;9271;779;20;132096;95426150400;7230278
16640;1.3750001192;10216;475;30;133120;96911360000;7385021
16768;1.9460000992;9231;727;27;134144;98408038400;7535753
16896;1.4050000906;10440;484;16;135168;99916185600;7572621
17024;2.7220001221;8011;816;26;136192;101435801600;7440461
17152;2.2680001259;9129;677;23;137216;102966886400;7400819
17280;1.3010001183;10090;516;27;138240;104509440000;7790817
17408;1.4590001106;10318;502;29;139264;106063462400;7844143
17536;1.3890000582;10791;450;22;140288;107628953600;7652304
17664;1.4390000105;9488;771;33;141312;109205913600;7661950
17792;1.4750000238;9656;494;20;142336;110794342400;7900180
17920;1.4500000477;10535;569;27;143360;112394240000;7995748
18048;1.4910000563;10448;609;23;144384;114005606400;7984844
18176;1.4560000896;9098;677;18;145408;115628441600;7748831
18304;1.5130001307;11073;559;20;146432;117262745600;8111008
18432;1.7230000496;10579;592;17;147456;118908518400;8100977
18560;1.5000001192;9782;656;24;148480;120565760000;7994805
18688;1.6090000868;13141;556;22;149504;122234470400;8670748
18816;1.4650000334;11157;651;21;150528;123914649600;8305067
18944;1.4500000477;9597;700;18;151552;125606297600;8165179
19072;1.6130000353;10063;501;29;152576;127309414400;8388092
19200;1.5440000296;12868;786;30;153600;129024000000;8661290
19328;1.5740001202;9923;637;21;154624;130750054400;8480583
19456;1.7030000687;11129;491;16;155648;132487577600;8567791
19584;2.6170001030;12834;570;26;156672;134236569600;8655233
19712;1.4310001135;10153;656;22;157696;135997030400;8548983
19840;1.6520000696;12872;583;20;158720;137768960000;8887818
19968;1.6820000410;12406;758;19;159744;139552358400;8899901
20096;1.7080000639;12915;565;18;160768;141347225600;9187638
20224;1.6400001049;11057;573;13;161792;143153561600;8787004
20352;1.7240000963;12891;802;26;162816;144971366400;9243183
20480;1.6960000992;11592;602;17;163840;146800640000;9126103
20608;2.0450000763;12312;728;24;164864;148641382400;9326215
20736;1.7750000954;15488;643;21;165888;150493593600;9545781
20864;3.0110001564;10771;641;15;166912;152357273600;9000609
20992;1.6630001068;10647;912;24;167936;154232422400;8987944
21120;1.7600001097;13640;618;17;168960;156119040000;9463647
21248;1.7420001030;12677;814;21;169984;158017126400;9356696
21376;1.7830001116;13603;582;20;171008;159926681600;9586302
21504;3.8190002441;13384;666;28;172032;161847705600;9620544
21632;1.6570000648;16676;624;28;173056;163780198400;9957668
21760;1.7820000648;12182;664;20;174080;165724160000;9584747
21888;1.8380000591;14011;655;19;175104;167679590400;9890776
22016;1.8190001249;13254;585;26;176128;169646489600;9784445
22144;1.8860000372;17281;811;20;177152;171624857600;10139713
22272;2.0390000343;16438;668;30;178176;173614694400;10341319
22400;1.8460000753;13198;512;24;179200;175616000000;9904155
22528;4.0440001488;14740;736;31;180224;177628774400;10187811
22656;1.6390000582;11353;567;23;181248;179653017600;9841921
22784;1.6990001202;12276;628;19;182272;181688729600;10207851
22912;1.7960001230;13519;650;17;183296;183735910400;10191693
23040;3.3930001259;13702;803;22;184320;185794560000;10270952
23168;1.6990001202;13441;597;22;185344;187864678400;10160848
23296;1.9290001392;14875;792;19;186368;189946265600;10334002
23424;1.9090000391;13420;556;22;187392;192039321600;10604682
23552;1.9440001249;13599;924;20;188416;194143846400;10439617
23680;1.8450000286;14196;578;14;189440;196259840000;10504141
23808;1.9910000563;15599;926;16;190464;198387302400;10648003
23936;1.8980001211;16344;654;22;191488;200526233600;10811916
24064;1.9890000820;14697;624;19;192512;202676633600;10694839
24192;2.0070002079;14988;655;22;193536;204838502400;10766468
24320;1.8830001354;16409;693;21;194560;207011840000;11205178
24448;1.7880001068;13732;656;17;195584;209196646400;10689733
24576;1.8680000305;17060;674;27;196608;211392921600;11220765
24704;2.0210001469;13789;580;28;197632;213600665600;10878132
24832;1.9730000496;14781;697;28;198656;215819878400;10899142
24960;2.0429999828;14844;726;20;199680;218050560000;10991306
25088;4.0550003052;16153;813;29;200704;220292710400;11283864
25216;2.7150001526;14552;615;24;201728;222546329600;11150807
25344;2.6260001659;15266;972;23;202752;224811417600;11356629
25472;1.9210001230;15716;608;24;203776;227087974400;11530446
25600;2.2369999886;19798;1061;16;204800;229376000000;11889455
25728;2.1820001602;19076;734;29;205824;231675494400;11715301
25856;2.2460000515;21327;657;18;206848;233986457600;12142871
25984;3.3460001945;16885;733;12;207872;236308889600;11606249
26112;2.1800000668;19459;1025;23;208896;238642790400;11986918
26240;2.2450001240;17264;725;30;209920;240988160000;12059471
26368;2.1850001812;16299;838;20;210944;243344998400;11717815
26496;2.1360001564;15353;1041;29;211968;245713305600;11792825
26624;2.1220002174;18140;743;18;212992;248093081600;12120741
26752;2.3120000362;19145;1042;20;214016;250484326400;12313440
26880;2.4730000496;17561;904;18;215040;252887040000;12084637
27008;2.2770001888;16562;737;21;216064;255301222400;12251682
27136;2.9630000591;20879;733;25;217088;257726873600;12699052
27264;2.0620000362;19270;841;24;218112;260163993600;12389318
27392;2.2720000744;17229;893;22;219136;262612582400;12175631
27520;2.3650000095;22010;679;26;220160;265072640000;12770480
27648;2.2700002193;15831;626;30;221184;267544166400;12200275
27776;2.3750000000;23012;966;19;222208;270027161600;13082167
27904;2.1140000820;18796;610;14;223232;272521625600;12709074
28032;2.2910001278;18585;735;17;224256;275027558400;12775183
28160;2.3800001144;22076;1172;18;225280;277544960000;13107010
28288;2.4200000763;20076;814;25;226304;280073830400;13016373
28416;2.3860001564;18666;929;27;227328;282614169600;12803148
28544;3.6690001488;21648;832;31;228352;285165977600;13299145
28672;2.2300000191;23725;841;14;229376;287729254400;13466708
28800;2.8850002289;22153;1116;20;230400;290304000000;13513055
28928;2.2840001583;19012;907;26;231424;292890214400;13164929
29056;2.4950001240;21268;733;24;232448;295487897600;13423641
29184;3.0800001621;18870;771;28;233472;298097049600;13394254
29312;2.2240002155;20238;838;18;234496;300717670400;13353768
29440;2.4440000057;17806;1101;13;235520;303349760000;13012680
29568;2.5210001469;21673;894;22;236544;305993318400;13574995
29696;3.4940001965;22887;1031;25;237568;308648345600;13820368
29824;4.6470003128;19497;1055;33;238592;311314841600;13532078
29952;2.5170001984;20612;909;30;239616;313992806400;13445819
30080;2.6380000114;25122;1128;40;240640;316682240000;14214491
30208;2.3620002270;25543;735;25;241664;319383142400;14274723
30336;2.6010000706;21525;1079;26;242688;322095513600;13842917
30464;4.0960001945;29699;1245;23;243712;324819353600;14947433
30592;2.2880001068;19111;757;20;244736;327554662400;13694842
30720;2.3500001431;21608;750;18;245760;330301440000;14210936
30848;5.3910002708;17834;924;22;246784;333059686400;13626748
30976;2.3910000324;23945;790;19;247808;335829401600;14389757
31104;3.2730002403;20252;1135;21;248832;338610585600;13898974
31232;2.7730002403;18119;1127;21;249856;341403238400;13909027
31360;2.3950002193;21241;751;27;250880;344207360000;14326722
31488;3.2200002670;21894;1089;16;251904;347022950400;14080700
31616;2.4930000305;24227;992;30;252928;349850009600;14570366
31744;2.7710001469;24936;751;29;253952;352688537600;14839595
31872;2.7100000381;22628;734;24;254976;355538534400;14572310
32000;2.5020000935;23238;950;15;256000;358400000000;14723039
32128;2.4050002098;22298;806;28;257024;361272934400;14465074
32256;2.7580001354;23759;888;21;258048;364157337600;14837973
32384;3.4540002346;23380;1108;19;259072;367053209600;14683601
32512;3.0540001392;28188;1080;17;260096;369960550400;15484522
32640;3.2390000820;26055;969;27;261120;372879360000;15398146
32768;2.7280001640;22126;1045;23;262144;375809638400;14958684
32896;4.0360002518;21694;940;32;263168;378751385600;14747707
33024;2.8680000305;24983;763;22;264192;381704601600;15460016
33152;2.8200001717;23348;821;13;265216;384669286400;15216954
33280;2.5510001183;23317;804;24;266240;387645440000;15404577
33408;2.8960001469;23464;1306;19;267264;390633062400;15309692
33536;6.1810002327;29789;1459;29;268288;393632153600;15918284
33664;2.8450000286;23129;724;35;269312;396642713600;15316531
33792;2.7860000134;24059;940;28;270336;399664742400;15469146
33920;2.7730002403;21610;1120;14;271360;402698240000;15172780
34048;2.9110002518;24266;988;19;272384;405743206400;15685721
34176;2.9110002518;24497;1037;29;273408;408799641600;15653098
34304;2.6010000706;22093;941;28;274432;411867545600;15262394
34432;2.8680000305;23578;958;28;275456;414946918400;15459589
34560;3.0100002289;27256;957;23;276480;418037760000;16245056
34688;2.6570000648;26024;740;18;277504;421140070400;16035870
34816;2.9430000782;23573;851;19;278528;424253849600;15853384
34944;2.6510000229;23573;815;26;279552;427379097600;15943296
35072;2.9220001698;22283;705;16;280576;430515814400;15737582
35200;4.0730004311;28683;1184;24;281600;433664000000;16572919
35328;2.9850001335;22773;963;20;282624;436823654400;16008949
35456;3.0370001793;26420;1095;19;283648;439994777600;16273960
35584;2.8380000591;24811;1172;29;284672;443177369600;16335403
35712;3.1860001087;30202;953;32;285696;446371430400;17180767
35840;2.9340002537;28232;1075;15;286720;449576960000;16739835
35968;2.7500002384;27689;1004;30;287744;452793958400;16570481
36096;3.0860002041;25575;933;28;288768;456022425600;16632857
36224;4.0080003738;23138;1024;21;289792;459262361600;16545513
36352;3.0630002022;24084;1083;21;290816;462513766400;16519177
36480;6.6490001678;27812;1246;24;291840;465776640000;16852251
36608;3.1390001774;28053;838;24;292864;469050982400;16901187
36736;3.1870000362;31942;930;21;293888;472336793600;17193625
36864;2.9860000610;31348;1103;26;294912;475634073600;17511560
36992;3.3150000572;25481;1209;18;295936;478942822400;17083337
37120;3.2680001259;30719;1136;25;296960;482263040000;17657011
37248;2.9980001450;26770;905;23;297984;485594726400;17160883
37376;4.0840001106;29179;1283;21;299008;488937881600;17581465
37504;3.1260001659;32375;1274;21;300032;492292505600;17841618
37632;2.9520001411;30513;971;22;301056;495658598400;17646007
37760;3.2570002079;29327;1245;24;302080;499036160000;17543452
37888;2.9540002346;27049;935;19;303104;502425190400;17201605
38016;4.2870001793;29242;1149;15;304128;505825689600;17673083
38144;3.3900001049;29476;1109;24;305152;509237657600;18159820
38272;3.3590002060;31189;1017;41;306176;512661094400;17915887
38400;3.0310001373;28233;1148;27;307200;516096000000;17668374
38528;3.3780002594;29189;1051;19;308224;519542374400;18171150
38656;3.4530000687;30538;1081;24;309248;523000217600;18043559
38784;3.9090001583;27932;1076;27;310272;526469529600;17871032
38912;3.2000000477;33549;1236;24;311296;529950310400;18266158
39040;3.4690001011;31822;1453;22;312320;533442560000;18536997
39168;3.6420001984;27688;908;28;313344;536946278400;18020493
39296;3.3910002708;30068;1117;25;314368;540461465600;18275178
39424;4.1620001793;31383;1286;21;315392;543988121600;18458542
39552;3.1930000782;26381;1168;19;316416;547526246400;18056666
39680;3.4050002098;28473;1244;19;317440;551075840000;18345586
39808;3.1010000706;28429;877;24;318464;554636902400;18227082
39936;3.5250000954;32480;1144;36;319488;558209433600;18858159
40064;3.5660002232;34297;1524;21;320512;561793433600;19158984
40192;3.2780001163;30966;1234;26;321536;565388902400;18710966
40320;3.4280002117;28307;1127;21;322560;568995840000;18295058
40448;3.4810001850;40469;1139;23;323584;572614246400;19905389
40576;3.3180000782;32487;1121;21;324608;576244121600;19075142
40704;3.3610000610;30113;1262;16;325632;579885465600;18664585
40832;3.5370001793;30232;1272;15;326656;583538278400;19033229
40960;3.1770000458;32281;922;19;327680;587202560000;19210962
41088;3.5350000858;31448;976;20;328704;590878310400;19010744
41216;3.3790001869;35884;1319;26;329728;594565529600;19767309
41344;3.5170001984;27167;1306;8;330752;598264217600;18807389
41472;3.2330000401;30604;1244;26;331776;601974374400;19203308
41600;3.6370000839;34552;1078;20;332800;605696000000;19636535
41728;4.3980002403;34060;1295;23;333824;609429094400;19720443
41856;3.6640002728;33585;1401;14;334848;613173657600;19783953
41984;3.3190002441;32054;1347;29;335872;616929689600;19366396
42112;3.6920001507;34577;927;26;336896;620697190400;19939194
42240;4.3070001602;31857;1273;24;337920;624476160000;19731067
42368;3.4980001450;38046;1365;25;338944;628266598400;20382402
42496;3.6660001278;30448;1165;35;339968;632068505600;19727139
42624;3.8830001354;39815;1446;27;340992;635881881600;20735253
42752;3.4490001202;27360;1213;26;342016;639706726400;19028404
42880;3.6070001125;29175;1268;25;343040;643543040000;19543957
43008;3.5570001602;39979;1466;24;344064;647390822400;20764184
43136;3.6710002422;32282;1019;32;345088;651250073600;19875819
43264;3.8810002804;34017;1213;23;346112;655120793600;20291806
43392;4.8200001717;30761;1198;15;347136;659002982400;20247217
43520;3.7770001888;33549;1259;18;348160;662896640000;20392668
43648;3.8210000992;37097;1191;20;349184;666801766400;20722705
43776;3.8390002251;36906;1221;23;350208;670718361600;20620294
43904;4.1460003853;47016;1767;29;351232;674646425600;22111000
44032;3.8750002384;34050;1455;22;352256;678585958400;20284764
44160;4.4110002518;31392;1135;27;353280;682536960000;20262814
44288;4.4960002899;42002;1598;306;354304;686499430400;21509949
44416;3.3850002289;30273;1339;21;355328;690473369600;20249000
44544;3.8260002136;33311;1226;26;356352;694458777600;20618247
44672;4.0040001869;41580;1278;20;357376;698455654400;21490188
44800;3.5790002346;35482;1426;23;358400;702464000000;20811353
44928;3.9280002117;37863;1251;37;359424;706483814400;21226302
45056;3.8310000896;42542;1349;25;360448;710515097600;21893995
45184;3.9180002213;36242;1076;28;361472;714557849600;21174083
45312;3.5330002308;35733;1088;33;362496;718612070400;21149159
45440;4.9390001297;33978;1478;31;363520;722677760000;21052421
45568;4.0890002251;36166;1549;18;364544;726754918400;21419736
45696;3.8630001545;33413;1224;31;365568;730843545600;21032490
45824;4.0510001183;40595;1375;27;366592;734943641600;21921469
45952;4.0080003738;39386;1373;28;367616;739055206400;22013384
46080;3.5690002441;33962;1138;31;368640;743178240000;21365508
46208;4.2450003624;48614;1770;22;369664;747312742400;23015415
46336;4.0830001831;40171;1575;31;370688;751458713600;22130319
46464;4.0420002937;36262;1441;21;371712;755616153600;21759581
46592;4.3220000267;35019;1280;32;372736;759785062400;21744556
46720;4.0230002403;34712;1116;26;373760;763965440000;21682016
46848;3.8280000687;35665;1358;26;374784;768157286400;21769128
46976;3.8820002079;34379;1003;32;375808;772360601600;21561889
47104;8.3130006790;42754;1530;27;376832;776575385600;22688149
47232;3.6980001926;36980;1167;26;377856;780801638400;22135334
47360;4.2260003090;43950;1286;33;378880;785039360000;22787691
47488;4.1380000114;38258;1391;21;379904;789288550400;22345693
47616;4.0859999657;39236;1193;32;380928;793549209600;22429775
47744;4.1590003967;38767;1534;24;381952;797821337600;22421351
47872;3.7180001736;35611;1125;23;382976;802104934400;22275813
48000;8.8670005798;36034;1544;36;384000;806400000000;22340258
48128;4.0390000343;38074;1327;26;385024;810706534400;22388823
48256;6.7820005417;43016;1584;36;386048;815024537600;23075138
48384;5.0400004387;40530;1547;35;387072;819354009600;22942353
48512;3.7660002708;36782;1223;21;388096;823694950400;22450703
48640;4.2070002556;40596;1509;31;389120;828047360000;23049368
48768;4.1980004311;39392;1292;18;390144;832411238400;22602424
48896;9.0910005569;42103;1796;20;391168;836786585600;23126177
49024;4.0750002861;39225;1164;19;392192;841173401600;23092814
49152;4.0730004311;44319;1766;21;393216;845571686400;23668978
49280;7.4710001945;41325;1816;32;394240;849981440000;23313374
49408;4.8850002289;43166;1255;21;395264;854402662400;23360511
49536;4.3570003510;39970;1391;21;396288;858835353600;23345716
49664;3.9510002136;41974;1546;28;397312;863279513600;23665034
49792;5.7040004730;47295;1543;25;398336;867735142400;24041710
49920;4.0940003395;44789;1547;20;399360;872202240000;24032154
50048;4.0630002022;38611;1608;24;400384;876680806400;23381747
50176;4.9930000305;37729;1487;24;401408;881170841600;23189355
50304;4.7200002670;44531;1661;24;402432;885672345600;24033876
50432;4.8350000381;40477;1557;27;403456;890185318400;23678445
50560;3.8330001831;36260;1260;22;404480;894709760000;22932498
50688;4.4430003166;53152;1729;16;405504;899245670400;25218476
50816;4.4510002136;44045;1316;20;406528;903793049600;23989284
50944;4.5320000648;54915;1898;23;407552;908351897600;25682348
51072;4.2630000114;44544;1462;15;408576;912922214400;24374659
51200;4.1560001373;49838;1576;32;409600;917504000000;25015420
51328;4.6540002823;50596;1704;22;410624;922097254400;25316514
51456;4.6560001373;49597;1924;14;411648;926701977600;25199333
51584;4.1649999619;42257;1446;19;412672;931318169600;24249560
51712;4.3800001144;47322;1760;30;413696;935945830400;24993035
51840;4.1610002518;45598;1432;23;414720;940584960000;24673367
51968;4.5060000420;45240;1644;31;415744;945235558400;24909595
52096;4.5329999924;43701;1448;35;416768;949897625600;24818693
52224;5.2050004005;39257;1431;29;417792;954571161600;24227787
52352;4.4620003700;37659;1274;43;418816;959256166400;24032088
52480;4.3159999847;39921;1385;28;419840;963952640000;24480523
52608;4.1070003510;40647;1125;36;420864;968660582400;24555240
52736;4.6800003052;48125;1731;35;421888;973379993600;25410323
52864;6.5710000992;37966;1511;24;422912;978110873600;24014377
52992;8.4730005264;40872;1620;26;423936;982853222400;24614009
53120;4.6710000038;46597;1800;33;424960;987607040000;25196470
53248;4.4150004387;41841;1530;26;425984;992372326400;25088664
53376;4.6600003242;41611;1411;24;427008;997149081600;24934546
53504;4.4990000725;58955;2123;21;428032;1001937305600;27004745
53632;4.4240002632;46132;1654;20;429056;1006736998400;25493531
53760;5.2500004768;52738;2022;21;430080;1011548160000;26484948
53888;5.3080000877;43092;1345;18;431104;1016370790400;25276792
54016;4.8320002556;52538;1889;14;432128;1021204889600;26187781
54144;4.5470004082;46532;1801;24;433152;1026050457600;25789374
54272;4.6560001373;41676;1363;20;434176;1030907494400;25119118
54400;4.8730001450;54676;1737;26;435200;1035776000000;26706350
54528;5.2600002289;43293;1570;25;436224;1040655974400;25395752
54656;4.7920002937;45158;1495;28;437248;1045547417600;25879798
54784;4.9870004654;40858;1441;20;438272;1050450329600;25346956
54912;4.7030000687;41972;1258;23;439296;1055364710400;25329568
55040;4.7160000801;47015;1411;28;440320;1060290560000;26165772
55168;5.3650002480;57133;1837;16;441344;1065227878400;27400490
55296;4.7680001259;43232;1658;25;442368;1070176665600;25700869
55424;4.6340003014;44652;1534;24;443392;1075136921600;26064040
55552;4.8540000916;45230;1623;15;444416;1080108646400;26080430
55680;4.8660001755;46294;1361;28;445440;1085091840000;26281785
55808;5.0220003128;45402;1466;23;446464;1090086502400;26432644
55936;4.4869999886;48852;1930;26;447488;1095092633600;26837157
56064;4.5270004272;42845;1641;27;448512;1100110233600;25857784
56192;4.8700003624;43946;1507;20;449536;1105139302400;26335459
56320;4.8790001869;51333;1522;24;450560;1110179840000;27129558
56448;4.7060003281;43639;1559;26;451584;1115231846400;26177239
56576;5.4160003662;46248;1415;21;452608;1120295321600;26792685
56704;5.0120000839;49835;1584;19;453632;1125370265600;27086687
56832;4.6530003548;42879;1281;36;454656;1130456678400;26502841
56960;4.8070001602;47752;1487;20;455680;1135554560000;26909848
57088;4.9980001450;47665;1496;31;456704;1140663910400;27052665
57216;5.0400004387;49193;1908;31;457728;1145784729600;27275652
57344;4.7350001335;44137;1734;30;458752;1150917017600;26800310
57472;5.0150003433;54161;1950;18;459776;1156060774400;27821178
57600;4.8330001831;52247;1524;23;460800;1161216000000;27613466
57728;4.6180000305;50632;1501;31;461824;1166382694400;27704032
57856;7.1920003891;47181;2102;30;462848;1171560857600;27272820
57984;5.7440004349;51964;1760;30;463872;1176750489600;27884107
58112;4.5659999847;48515;1365;17;464896;1181951590400;27363653
58240;8.7510004044;51058;2083;20;465920;1187164160000;27917950
58368;4.9360003471;53268;1704;23;466944;1192388198400;28249535
58496;5.5120000839;63264;2157;24;467968;1197623705600;29374817
58624;5.3120002747;53910;2123;26;468992;1202870681600;28382115
58752;5.2420001030;51114;1702;33;470016;1208129126400;28250176
58880;5.1620001793;53417;2106;19;471040;1213399040000;28407120
59008;5.4270000458;53018;1594;19;472064;1218680422400;28432194
59136;4.6810002327;48377;1708;19;473088;1223973273600;28078522
59264;5.9050002098;58287;2006;22;474112;1229277593600;28985392
59392;5.2950000763;58483;2117;19;475136;1234593382400;29411732
59520;5.3190002441;50167;1629;15;476160;1239920640000;28112523
59648;5.1960000992;49444;1728;27;477184;1245259366400;28091185
59776;4.9250001907;47411;1853;22;478208;1250609561600;27916134
59904;5.6980004311;71044;2480;30;479232;1255971225600;30953397
60032;5.2460002899;48893;1654;36;480256;1261344358400;28107672
60160;5.7190003395;49412;1694;27;481280;1266728960000;28431441
60288;4.8420000076;53603;1993;36;482304;1272125030400;28860622
60416;5.1850004196;53533;1731;31;483328;1277532569600;28834686
60544;5.3390002251;59682;1833;14;484352;1282951577600;29752525
60672;5.9480004311;59155;2039;33;485376;1288382054400;29491223
60800;5.4470000267;55158;2129;30;486400;1293824000000;29407494
60928;7.8230004311;49795;1784;32;487424;1299277414400;28506220
61056;5.4810004234;56092;1708;18;488448;1304742297600;29666571
61184;5.4030003548;53024;1709;33;489472;1310218649600;29124308
61312;5.3610000610;68521;1965;22;490496;1315706470400;30760587
61440;5.3820004463;50913;1699;33;491520;1321205760000;29063926
61568;5.1490001678;52162;1704;26;492544;1326716518400;29246362
61696;5.4370002747;53556;1677;30;493568;1332238745600;29163478
61824;5.1800003052;47916;1634;26;494592;1337772441600;28812176
61952;5.4540004730;53158;1703;33;495616;1343317606400;29533188
62080;5.1850004196;62345;2101;32;496640;1348874240000;30235657
62208;5.6240000725;60429;2247;33;497664;1354442342400;30478435
62336;5.4010000229;50417;1672;29;498688;1360021913600;29106122
62464;5.6000003815;56294;1763;36;499712;1365612953600;30266924
62592;5.3240003586;53399;1714;19;500736;1371215462400;29708855
62720;5.1570000648;53677;2264;29;501760;1376829440000;29815847
62848;5.3310003281;53936;1730;32;502784;1382454886400;29900415
62976;5.7280001640;55788;1654;22;503808;1388091801600;30129441
63104;9.7400007248;51995;1856;35;504832;1393740185600;29745743
63232;5.2860002518;68865;2055;23;505856;1399400038400;32022229
63360;5.3900003433;56390;1652;38;506880;1405071360000;30474871
63488;5.5770001411;59432;1777;29;507904;1410754150400;30899854
63616;5.1200003624;57067;1458;28;508928;1416448409600;30478576
63744;5.4600000381;58848;1663;37;509952;1422154137600;30641009
63872;5.5820002556;55121;1719;26;510976;1427871334400;30259605
64000;5.6940002441;56281;1700;34;512000;1433600000000;30767046
64128;5.6670002937;65405;2151;28;513024;1439340134400;31722697
64256;5.4010000229;55850;1903;20;514048;1445091737600;30497819
64384;5.6930003166;59655;1884;19;515072;1450854809600;30777996
64512;5.2100000381;60923;1815;20;516096;1456629350400;31295440
64640;5.3150000572;52103;1719;20;517120;1462415360000;30045335
64768;5.9850001335;53823;1628;23;518144;1468212838400;30553766
64896;5.8260002136;58695;1744;22;519168;1474021785600;31048457
65024;5.6360001564;50665;1743;24;520192;1479842201600;30359911
65152;6.2240004539;61036;1951;23;521216;1485674086400;31507292
65280;7.2020001411;53441;1588;19;522240;1491517440000;30898476
65408;12.5150003433;62377;2521;30;523264;1497372262400;31780764
65536;5.3760004044;56665;1820;26;524288;1503238553600;31057140
65664;7.4280004501;65813;2644;38;525312;1509116313600;32052975
65792;5.8700003624;74093;2199;25;526336;1515005542400;33517022
65920;5.1170001030;50915;1623;24;527360;1520906240000;30747598
66048;7.9380002022;53619;1683;27;528384;1526818406400;30611835
66176;11.2310009003;56465;2060;25;529408;1532742041600;31381318
66304;12.6350002289;77110;3040;32;530432;1538677145600;33735976
66432;5.7510004044;59169;2115;22;531456;1544623718400;31944698
66560;5.3680000305;58939;1970;29;532480;1550581760000;32056692
66688;6.1340003014;58923;2024;33;533504;1556551270400;32116719
66816;5.8430004120;58088;1970;26;534528;1562532249600;31820683
66944;8.9730005264;63682;2066;32;535552;1568524697600;32886708
67072;6.1540002823;56733;2079;26;536576;1574528614400;31807396
67200;7.0080003738;61199;2176;34;537600;1580544000000;32440386
67328;9.1940002441;61445;2168;30;538624;1586570854400;32224889
67456;8.4500007629;62060;2195;21;539648;1592609177600;32533329
67584;6.5100002289;56747;1876;30;540672;1598658969600;32245373
67712;10.3800001144;72136;2383;25;541696;1604720230400;33949205
67840;11.7030010223;53526;2161;27;542720;1610792960000;31789802
67968;6.0040001869;64767;2458;25;543744;1616877158400;33109711
68096;5.5150003433;64255;1871;31;544768;1622972825600;33278636
68224;5.5430002213;61199;1629;30;545792;1629079961600;32704882
68352;5.4090003967;57038;1580;19;546816;1635198566400;32577946
68480;5.6860003471;61385;2020;30;547840;1641328640000;33206402
68608;5.8070001602;60548;1684;30;548864;1647470182400;33009892
68736;6.0530004501;61152;2005;23;549888;1653623193600;33103419
68864;6.4670004845;73147;2100;42;550912;1659787673600;34461763
68992;5.9680004120;67405;1974;25;551936;1665963622400;33859846
69120;5.6330003738;66026;2086;22;552960;1672151040000;33894066
69248;5.3790001869;53301;1773;28;553984;1678349926400;32283644
69376;6.1820001602;97089;3429;25;555008;1684560281600;37507309
69504;12.1520004272;61646;2661;25;556032;1690782105600;33442045
69632;5.7920002937;64417;2004;31;557056;1697015398400;33407608
69760;7.9320001602;61836;2097;24;558080;1703260160000;33200777
69888;5.5060000420;56710;1837;25;559104;1709516390400;32756711
70016;5.5420002937;61148;2052;28;560128;1715784089600;33155884
70144;6.1140003204;65992;1936;27;561152;1722063257600;34234750
70272;6.1139526367;65094;1900;32;562176;1728353894400;34193094
70400;5.8100004196;63816;2005;37;563200;1734656000000;33543503
70528;6.3300004005;64548;2008;37;564224;1740969574400;34048543
70656;6.1680002213;73708;2224;25;565248;1747294617600;35138737
70784;6.3900003433;70192;2220;24;566272;1753631129600;34647676
70912;5.6770000458;61924;2071;21;567296;1759979110400;34086606
71040;6.3900003433;65710;1952;42;568320;1766338560000;34654265
71168;6.1950001717;66261;1899;54;569344;1772709478400;34624321
71296;7.8990001678;59639;1908;25;570368;1779091865600;33780685
71424;6.4340004921;66661;2168;30;571392;1785485721600;34717837
71552;10.1900005341;72751;2458;24;572416;1791891046400;35392863
71680;5.7550001144;59416;1949;23;573440;1798307840000;34026008
71808;6.4110002518;70033;2426;21;574464;1804736102400;35249166
71936;6.4630002975;68009;2401;31;575488;1811175833600;35070113
72064;6.1710004807;62222;1945;23;576512;1817627033600;34846149
72192;5.9260001183;58877;1779;31;577536;1824089702400;33809701
72320;6.3630003929;71834;2694;28;578560;1830563840000;35363088
72448;5.9940004349;62626;2214;32;579584;1837049446400;34671682
72576;5.9030003548;69537;2098;25;580608;1843546521600;35443442
72704;6.2110004425;63375;1978;35;581632;1850055065600;34549904
72832;5.9010004997;65855;2159;28;582656;1856575078400;34928455
72960;5.8740000725;58776;1698;32;583680;1863106560000;34332486
73088;5.8340001106;63626;2140;27;584704;1869649510400;34962219
73216;6.0290002823;73986;2292;29;585728;1876203929600;36173307
73344;6.4840002060;62503;1988;26;586752;1882769817600;34738249
73472;7.0950002670;87454;3175;39;587776;1889347174400;38028400
73600;6.4910001755;63934;2162;33;588800;1895936000000;34896314
73728;6.7480001450;74206;2048;30;589824;1902536294400;36416378
73856;6.8070001602;83870;2893;21;590848;1909148057600;37658906
73984;6.3180003166;75549;2551;42;591872;1915771289600;36550335
74112;6.2850003242;68435;2094;23;592896;1922405990400;35898117
74240;6.3430004120;72398;2282;25;593920;1929052160000;36441864
74368;6.5450000763;74123;2251;18;594944;1935709798400;36631611
74496;10.4140005112;71713;2480;25;595968;1942378905600;36308661
74624;6.2140002251;66547;1871;24;596992;1949059481600;35575848
74752;6.4030003548;65159;1968;33;598016;1955751526400;35608501
74880;6.6850004196;70943;2353;31;599040;1962455040000;36552185
75008;6.6150002480;62077;1895;30;600064;1969170022400;35692992
75136;6.7320003510;73279;2725;24;601088;1975896473600;36932760
75264;6.6450004578;67122;1885;34;602112;1982634393600;36064495
75392;6.6890001297;68900;2130;19;603136;1989383782400;36796912
75520;6.8020005226;68495;2145;42;604160;1996144640000;36347860
75648;6.3370003700;73839;2348;24;605184;2002916966400;37205258
75776;6.5790004730;65972;2373;31;606208;2009700761600;36018590
75904;6.7290000916;67295;2008;29;607232;2016496025600;36378005
76032;6.4600005150;74741;2157;17;608256;2023302758400;37142919
76160;6.4970002174;66574;2134;24;609280;2030120960000;36458331
76288;10.5510005951;73887;2461;25;610304;2036950630400;37309906
76416;6.6560001373;79577;2449;17;611328;2043791769600;37991134
76544;6.8510003090;71961;1795;36;612352;2050644377600;37026709
76672;6.8390002251;72341;2170;30;613376;2057508454400;37503610
76800;6.4220004082;69354;1955;24;614400;2064384000000;36950028
76928;6.2490000725;74001;2133;34;615424;2071271014400;37492005
77056;6.5060005188;71686;2162;30;616448;2078169497600;37250294
77184;6.2470002174;77003;2109;26;617472;2085079449600;37674082
77312;6.3740000725;77285;2600;22;618496;2092000870400;38138688
77440;6.6540002823;74949;2237;36;619520;2098933760000;37909576
77568;6.5660004616;73274;2290;32;620544;2105878118400;37761946
77696;6.3790001869;76176;2353;42;621568;2112833945600;38318653
77824;6.7740001678;72691;2078;31;622592;2119801241600;37713661
77952;6.6610002518;70570;2122;30;623616;2126780006400;37167660
78080;7.0780005455;77045;2298;24;624640;2133770240000;38458695
78208;6.5720005035;68812;2067;31;625664;2140771942400;37427339
78336;12.6360006332;78465;2633;39;626688;2147785113600;38635702
78464;6.4080004692;77095;1953;21;627712;2154809753600;38480924
78592;6.3380002975;73792;2143;23;628736;2161845862400;38274549
78720;6.5610003471;65148;2201;25;629760;2168893440000;37257632
78848;9.5020008087;75039;2490;30;630784;2175952486400;38361178
78976;6.2470002174;67272;1962;24;631808;2183023001600;37525570
79104;6.6180005074;68161;2016;23;632832;2190104985600;37513989
79232;6.3290004730;72827;2093;29;633856;2197198438400;38137257
79360;12.0030002594;75525;2773;33;634880;2204303360000;38539149
79488;7.0070004463;70413;2193;20;635904;2211419750400;38004306
79616;7.7190003395;75135;2437;25;636928;2218547609600;38419184
79744;6.3920001984;73484;2261;27;637952;2225686937600;38397912
79872;6.7920002937;76498;1928;22;638976;2232837734400;39021465
80000;6.3300004005;69109;2004;26;640000;2240000000000;38023691
80128;6.5030002594;80656;2459;20;641024;2247173734400;39310075
80256;6.6680002213;67641;2070;36;642048;2254358937600;37843669
80384;6.8640003204;67996;2325;21;643072;2261555609600;38169255
80512;9.1400003433;75669;2532;18;644096;2268763750400;39367024
80640;6.6880002022;71005;2135;21;645120;2275983360000;39110199
80768;14.9089355469;79222;3295;22;646144;2283214438400;39641285
80896;6.7020001411;77988;2309;40;647168;2290456985600;39679525
81024;13.9040002823;77230;2981;32;648192;2297711001600;39377690
81152;7.1400003433;79018;2464;24;649216;2304976486400;39761291
81280;9.7420005798;75627;2676;27;650240;2312253440000;39544224
81408;6.6900005341;82526;2593;40;651264;2319541862400;40081956
81536;6.9850001335;80980;2658;28;652288;2326841753600;40170802
81664;6.9370002747;91548;2693;29;653312;2334153113600;41695159
81792;7.0360002518;80278;2737;28;654336;2341475942400;40462620
81920;6.7650003433;83374;2491;31;655360;2348810240000;40637734
82048;7.0340003967;71482;1929;24;656384;2356156006400;39174669
82176;6.9320001602;76389;2233;26;657408;2363513241600;39985329
82304;7.0220003128;83020;2532;25;658432;2370881945600;40456368
82432;6.9400005341;80551;2597;34;659456;2378262118400;40500994
82560;6.5770001411;73084;2302;38;660480;2385653760000;39378282
82688;7.1450004578;76356;2221;39;661504;2393056870400;39881317
82816;6.7160005569;77762;2227;25;662528;2400471449600;40441693
82944;6.9850001335;77253;2039;17;663552;2407897497600;39979887
83072;7.2340002060;88871;2681;21;664576;2415335014400;41752957
83200;6.8900003433;75270;2560;20;665600;2422784000000;39930880
83328;11.0280008316;79464;2301;16;666624;2430244454400;40452282
83456;6.7060003281;77905;2156;36;667648;2437716377600;40375561
83584;6.8760004044;83869;2401;31;668672;2445199769600;41327856
83712;7.8130002022;94246;3017;26;669696;2452694630400;42628140
83840;7.8980002403;113771;4131;22;670720;2460200960000;44811063
83968;7.5110001564;96740;2849;26;671744;2467718758400;43066376
84096;7.3410005569;93471;3356;43;672768;2475248025600;42591538
84224;6.8150005341;81072;2491;33;673792;2482788761600;40894721
84352;6.8680005074;79604;2397;43;674816;2490340966400;41108213
84480;7.3680005074;81096;2238;41;675840;2497904640000;41048749
84608;7.4960002899;83374;2379;30;676864;2505479782400;41758861
84736;7.4050002098;77580;2320;22;677888;2513066393600;41003116
84864;7.4590005875;80104;2167;32;678912;2520664473600;40993307
84992;11.2210006714;80683;2690;24;679936;2528274022400;41355803
85120;7.2100005150;81363;2301;29;680960;2535895040000;41553938
85248;7.0190005302;87168;2736;21;681984;2543527526400;42267847
85376;7.2420005798;81217;2868;23;683008;2551171481600;41340743
85504;6.7450003624;73492;2212;25;684032;2558826905600;40575201
85632;7.4460005760;85039;2469;25;685056;2566493798400;42021337
85760;6.8820004463;75696;2494;25;686080;2574172160000;41047192
85888;7.2710003853;88946;2528;30;687104;2581861990400;42729562
86016;6.9910001755;83069;2553;20;688128;2589563289600;41990301
86144;7.3530001640;79028;2580;34;689152;2597276057600;41657773
86272;7.0820002556;88233;2696;30;690176;2605000294400;42589126
86400;7.7560005188;90630;2737;34;691200;2612736000000;43000635
86528;6.8960003853;78087;2292;34;692224;2620483174400;41516777
86656;7.4410004616;89729;2671;31;693248;2628241817600;42694944
86784;7.3350005150;86429;2677;24;694272;2636011929600;42885365
86912;7.0770001411;78154;2438;41;695296;2643793510400;42407202
87040;7.1600003242;76635;2453;27;696320;2651586560000;41784861
87168;7.3630003929;95474;3246;32;697344;2659391078400;44100223
87296;7.0960001945;74088;2439;21;698368;2667207065600;41268340
87424;7.3280005455;93992;2859;27;699392;2675034521600;44073230
87552;7.4210004807;85745;2556;24;700416;2682873446400;42818455
87680;7.6320004463;86844;2494;31;701440;2690723840000;42998072
87808;7.2310004234;77497;2543;24;702464;2698585702400;41883218
87936;11.7380008698;96868;3257;33;703488;2706459033600;44600052
88064;7.1490001678;87584;2266;28;704512;2714343833600;43154477
88192;7.4540004730;81510;2335;29;705536;2722240102400;42612347
88320;7.7410001755;90502;2703;29;706560;2730147840000;43822043
88448;7.5030002594;101432;2938;30;707584;2738067046400;45071305
88576;11.7280006409;81603;2412;33;708608;2745997721600;42911275
88704;7.6330003738;80351;2411;30;709632;2753939865600;42529833
88832;7.8940005302;89170;2620;35;710656;2761893478400;43901240
88960;7.7360005379;87570;2961;23;711680;2769858560000;43685781
89088;7.6160001755;86925;2659;49;712704;2777835110400;44085517
89216;7.4480004311;90940;2709;32;713728;2785823129600;43911407
89344;11.7700004578;94598;3039;33;714752;2793822617600;44571589
89472;7.2490005493;87309;2709;45;715776;2801833574400;43823157
89600;7.5380005836;85196;2645;19;716800;2809856000000;43516272
89728;7.2900004387;84802;2314;26;717824;2817889894400;43696153
89856;8.2740001678;105716;3465;27;718848;2825935257600;46139287
89984;7.4920005798;82153;2592;25;719872;2833992089600;43270182
90112;7.3030004501;86646;2276;34;720896;2842060390400;43925830
90240;7.6490001678;91225;2745;39;721920;2850140160000;44597986
90368;7.4640002251;85580;2481;31;722944;2858231398400;44025220
90496;7.3790001869;82798;2673;37;723968;2866334105600;43449918
90624;7.7800002098;79322;2330;49;724992;2874448281600;43671742
90752;7.5000004768;85875;2636;27;726016;2882573926400;44106046
90880;7.6530003548;101352;3203;48;727040;2890711040000;46128490
91008;7.4340004921;87751;2579;29;728064;2898859622400;44746233
91136;7.8710002899;99243;2832;31;729088;2907019673600;45851159
91264;7.3440003395;84523;2211;26;730112;2915191193600;44307957
91392;7.8160004616;109180;3327;28;731136;2923374182400;46965661
91520;14.4720010757;91873;3321;39;732160;2931568640000;44875137
91648;8.0300006866;93605;2998;35;733184;2939774566400;45136229
91776;8.2200002670;97861;3248;36;734208;2947991961600;45859606
91904;7.9680004120;92553;2950;33;735232;2956220825600;45075922
92032;7.8060002327;102307;3312;29;736256;2964461158400;46301163
92160;8.0360002518;106422;3737;33;737280;2972712960000;47033317
92288;7.6830005646;98391;2648;29;738304;2980976230400;46109935
92416;7.6520004272;82778;2623;21;739328;2989250969600;44386781
92544;7.3930001259;80890;2209;27;740352;2997537177600;44515719
92672;7.5530004501;91601;2545;37;741376;3005834854400;45568734
92800;8.3330001831;105303;3068;29;742400;3014144000000;47331936
92928;7.4030003548;80449;2220;28;743424;3022464614400;44466004
93056;7.6080002785;91274;2916;22;744448;3030796697600;45565995
93184;8.1050004959;95699;2816;28;745472;3039140249600;46385025
93312;10.8130006790;87646;2908;20;746496;3047495270400;44911436
93440;7.7370004654;97925;3123;21;747520;3055861760000;46691639
93568;13.3630008698;86661;3050;32;748544;3064239718400;45103568
93696;7.5140004158;84310;2743;20;749568;3072629145600;45118090
93824;8.1100006104;102041;2748;36;750592;3081030041600;47053058
93952;7.6370005608;86774;2472;28;751616;3089442406400;45797536
94080;7.9870004654;88180;2991;19;752640;3097866240000;45902713
94208;8.0200004578;100378;3239;27;753664;3106301542400;47004943
94336;7.8170003891;97292;3245;23;754688;3114748313600;47139792
94464;8.1860008240;90217;2735;29;755712;3123206553600;46237761
94592;7.8510003090;89661;2691;18;756736;3131676262400;45830760
94720;7.6940002441;86738;2643;27;757760;3140157440000;46108060
94848;14.4560003281;90722;3360;43;758784;3148650086400;46105323
94976;7.9320001602;89117;2750;47;759808;3157154201600;46412112
95104;18.6979370117;97309;3803;33;760832;3165669785600;47406663
95232;7.8060002327;94623;2724;39;761856;3174196838400;46916576
95360;8.3050003052;97874;2580;28;762880;3182735360000;47626799
95488;7.6930003166;83996;2610;31;763904;3191285350400;45708604
95616;7.8480005264;86170;2863;29;764928;3199846809600;45661198
95744;7.9030003548;86551;2249;28;765952;3208419737600;46062026
95872;7.8550004959;93978;3217;34;766976;3217004134400;47234515
96000;7.9660005569;99653;2769;27;768000;3225600000000;47852065
96128;8.0810003281;92222;2656;31;769024;3234207334400;46648716
96256;7.8990001678;100113;2907;25;770048;3242826137600;47671688
96384;8.2750005722;95787;2509;40;771072;3251456409600;47310504
96512;7.9570002556;96261;3078;22;772096;3260098150400;47435224
96640;8.4910001755;113517;3670;33;773120;3268751360000;49799547
96768;8.0200004578;94814;2957;28;774144;3277416038400;47360900
96896;8.6130008698;110710;3512;35;775168;3286092185600;49359863
97024;8.5440006256;107686;3148;27;776192;3294779801600;49042093
97152;8.0420007706;98864;3063;26;777216;3303478886400;48373433
97280;7.8080005646;89715;2268;21;778240;3312189440000;47083095
97408;7.8020005226;87541;2317;36;779264;3320911462400;46950758
97536;8.7230005264;101493;3245;27;780288;3329644953600;48701696
97664;8.2410001755;97907;3146;27;781312;3338389913600;48092088
97792;8.0430002213;88108;2454;26;782336;3347146342400;47308010
97920;8.0200004578;94827;3009;25;783360;3355914240000;48144089
98048;8.1000003815;93341;2786;21;784384;3364693606400;47421516
98176;8.3710002899;115879;3903;26;785408;3373484441600;50560563
98304;8.2260007858;108157;3137;32;786432;3382286745600;49488849
98432;15.0190010071;108805;3397;28;787456;3391100518400;49770189
98560;7.9970002174;96208;2918;36;788480;3399925760000;48210721
98688;7.9910001755;91350;2872;29;789504;3408762470400;48082600
98816;8.2550001144;107210;3110;35;790528;3417610649600;49511698
98944;8.2060003281;101127;2890;28;791552;3426470297600;49353020
99072;8.3650007248;109015;3301;32;792576;3435341414400;50198183
99200;8.0069999695;95927;2811;29;793600;3444224000000;48202397
99328;15.9380006790;92251;3360;26;794624;3453118054400;48195591
99456;26.4820003510;635848;19279;47;795648;3462023577600;154543298
99584;7.9880003929;89400;2839;31;796672;3470940569600;47934768
99712;8.2280006409;101000;3441;25;797696;3479869030400;49153839
99840;8.7880001068;97411;2906;28;798720;3488808960000;49055316
99968;8.2690000534;92543;2595;25;799744;3497760358400;48281480
100096;8.5469999313;117888;3559;37;800768;3506723225600;51635024
100224;8.3229999542;89933;2543;37;801792;3515697561600;48171654
100352;8.2470006943;102627;2915;34;802816;3524683366400;49658479
100480;8.1380004883;92796;2767;30;803840;3533680640000;48882908
100608;8.2250003815;88560;2800;23;804864;3542689382400;48224790
100736;8.4570007324;97872;2918;31;805888;3551709593600;49390418
100864;8.5580005646;95460;3002;30;806912;3560741273600;48794866
100992;8.5640001297;99628;2853;42;807936;3569784422400;49617921
101120;8.4820003510;113870;3868;25;808960;3578839040000;51345259
101248;8.4560003281;94591;2882;24;809984;3587905126400;48869743
101376;8.1909999847;95737;2840;25;811008;3596982681600;48997754
101504;8.4010000229;104138;3450;29;812032;3606071705600;50102558
101632;8.5650005341;97847;2740;31;813056;3615172198400;49719117
101760;8.1470003128;90580;2897;29;814080;3624284160000;48786498
101888;8.2780008316;95928;2909;27;815104;3633407590400;49804086
102016;8.8530006409;110338;2957;26;816128;3642542489600;51282679
102144;8.3630008698;102536;3385;29;817152;3651688857600;50214188
102272;12.2320003510;120041;3768;24;818176;3660846694400;52296975
102400;8.4070005417;103967;2861;26;819200;3670016000000;50657306
102528;8.7880001068;104600;3167;38;820224;3679196774400;50610336
102656;12.4590005875;113887;3845;39;821248;3688389017600;51682952
102784;8.5570001602;111422;3813;40;822272;3697592729600;51607046
102912;13.3610010147;119257;3984;24;823296;3706807910400;52726557
103040;8.8360004425;103276;3374;26;824320;3716034560000;50659905
103168;8.5580005646;112666;3536;42;825344;3725272678400;51656232
103296;8.7150001526;100537;3325;35;826368;3734522265600;50507727
103424;8.4630002975;101963;3041;17;827392;3743783321600;50959446
103552;8.7210006714;99000;2715;32;828416;3753055846400;50291359
103680;8.6500005722;112176;3290;19;829440;3762339840000;52241591
103808;9.0300006866;124419;3605;38;830464;3771635302400;53442442
103936;9.2620000839;105193;3174;25;831488;3780942233600;51751740
104064;12.0600004196;99533;2719;38;832512;3790260633600;50583786
104192;8.9840002060;124167;3530;44;833536;3799590502400;53974775
104320;8.8370008469;104732;3482;45;834560;3808931840000;51133637
104448;8.5310001373;103279;2981;44;835584;3818284646400;51437016
104576;9.0060005188;110115;3306;28;836608;3827648921600;52207897
104704;8.6750001907;108330;2759;26;837632;3837024665600;52019552
104832;9.0960006714;110675;3355;27;838656;3846411878400;52811939
104960;8.4820003510;98001;2710;25;839680;3855810560000;50868181
105088;9.1380004883;118158;3474;23;840704;3865220710400;53445989
105216;8.6670007706;106399;3015;44;841728;3874642329600;52356305
105344;8.9240007401;107827;3089;31;842752;3884075417600;52088158
105472;8.5340003967;104017;3129;29;843776;3893519974400;51497217
105600;17.5580005646;103393;3930;36;844800;3902976000000;52184594
105728;8.7970008850;111143;3162;27;845824;3912443494400;52643140
105856;8.6890001297;103768;3120;42;846848;3921922457600;52184454
105984;9.1840000153;129998;4170;41;847872;3931412889600;55184657
106112;9.0160007477;120252;3675;36;848896;3940914790400;54199672
106240;8.6960000992;105325;3159;32;849920;3950428160000;52146066
106368;9.7680006027;124965;4215;46;850944;3959952998400;54440758
106496;8.7920007706;109722;2911;34;851968;3969489305600;52787475
106624;8.9630002975;103621;3301;24;852992;3979037081600;51927103
106752;8.8440008163;109257;3189;33;854016;3988596326400;53071839
106880;8.8790006638;106473;3351;32;855040;3998167040000;52697204
107008;8.7560005188;103949;3171;25;856064;4007749222400;52574862
107136;8.9000005722;111404;3443;30;857088;4017342873600;53284971
107264;8.8990001678;115310;3299;33;858112;4026947993600;53718630
107392;13.0230007172;101725;3267;35;859136;4036564582400;52325660
107520;15.4810009003;105717;3396;41;860160;4046192640000;52514835
107648;9.2010002136;115689;3416;30;861184;4055832166400;53998338
107776;8.8060007095;106700;3207;36;862208;4065483161600;53024518
107904;9.7740001678;123710;3595;16;863232;4075145625600;54534315
108032;8.9830007553;112408;3297;35;864256;4084819558400;53753395
108160;9.2510004044;114454;3562;35;865280;4094504960000;54285637
108288;16.1079711914;110813;3768;25;866304;4104201830400;53651058
108416;13.3520002365;114475;3496;27;867328;4113910169600;54148780
108544;9.0590000153;117115;3287;27;868352;4123629977600;54450404
108672;9.1040000916;112008;3417;25;869376;4133361254400;54328687
108800;9.0770006180;112643;3389;34;870400;4143104000000;54350288
108928;13.1470003128;104467;3458;43;871424;4152858214400;53163452
109056;9.3580007553;128751;3983;29;872448;4162623897600;56200748
109184;8.9260005951;111856;3141;36;873472;4172401049600;53798983
109312;9.2300004959;120754;3579;30;874496;4182189670400;55228207
109440;9.7170000076;116583;3969;29;875520;4191989760000;54663845
109568;9.0910005569;98030;2868;34;876544;4201801318400;52745767
109696;9.0080003738;111092;3277;33;877568;4211624345600;54153534
109824;9.0989999771;112049;3182;42;878592;4221458841600;54519034
109952;9.0399999619;110396;3201;27;879616;4231304806400;54342076
110080;16.0500011444;110947;3337;27;880640;4241162240000;54230262
110208;8.9960002899;106925;2937;32;881664;4251031142400;54144754
110336;9.5540008545;136272;4127;31;882688;4260911513600;57477680
110464;9.1190004349;111368;3303;22;883712;4270803353600;54618871
110592;9.7230005264;112619;3488;42;884736;4280706662400;54718256
110720;9.1480007172;111513;3257;34;885760;4290621440000;54758901
110848;9.1720008850;105471;3370;29;886784;4300547686400;53850819
110976;8.9880008698;107450;3457;45;887808;4310485401600;54091543
111104;9.6570005417;142367;4465;31;888832;4320434585600;58129486
111232;8.9960002899;105362;2946;20;889856;4330395238400;54209104
111360;9.3180007935;103894;3172;43;890880;4340367360000;54020694
111488;9.3000001907;115738;4053;26;891904;4350350950400;55882171
111616;9.0140008926;106191;3028;35;892928;4360346009600;54461831
111744;10.0730009079;141710;3984;34;893952;4370352537600;59110431
111872;13.8650007248;118221;3916;27;894976;4380370534400;55670900
112000;9.3610000610;120727;3464;29;896000;4390400000000;56159831
112128;9.7390003204;136211;4065;45;897024;4400440934400;58020978
112256;9.5760002136;119029;3403;26;898048;4410493337600;56275785
112384;9.6640005112;115765;3122;28;899072;4420557209600;55857435
112512;9.3700008392;120420;3845;27;900096;4430632550400;56526736
112640;9.4320001602;117136;3040;25;901120;4440719360000;55752727
112768;9.7280006409;119423;3325;51;902144;4450817638400;56556564
112896;13.6920003891;118345;3651;51;903168;4460927385600;56276831
113024;9.3780002594;117633;3699;29;904192;4471048601600;56098353
113152;9.3440008163;119874;3635;39;905216;4481181286400;56167555
113280;9.5020008087;126267;3496;40;906240;4491325440000;57133249
113408;9.5570001602;113550;3209;38;907264;4501481062400;55710883
113536;9.3890008926;117617;3209;30;908288;4511648153600;56535470
113664;9.5240001678;108365;3545;27;909312;4521826713600;54977164
113792;9.6670007706;128114;3697;35;910336;4532016742400;57927787
113920;9.3190002441;110424;3476;38;911360;4542218240000;56112127
114048;19.4940013885;120397;4552;38;912384;4552431206400;56708750
114176;18.3540000916;114606;4171;32;913408;4562655641600;56246467
114304;9.6579999924;133802;4486;58;914432;4572891545600;58411561
114432;9.7510004044;108016;3396;29;915456;4583138918400;55625970
114560;9.5420007706;113292;3338;34;916480;4593397760000;56272664
114688;9.9710006714;127055;4060;45;917504;4603668070400;57831150
114816;9.4980001450;115354;3235;45;918528;4613949849600;56732132
114944;10.2150001526;135905;4185;27;919552;4624243097600;59370352
115072;9.6190004349;111586;3474;48;920576;4634547814400;56279919
115200;9.4440002441;116485;3020;22;921600;4644864000000;56947317
115328;9.3000001907;108446;3185;34;922624;4655191654400;56070356
115456;17.7420005798;139527;4760;32;923648;4665530777600;59153226
115584;9.5250005722;115805;3588;28;924672;4675881369600;56993686
115712;9.8980007172;124999;3545;47;925696;4686243430400;58167416
115840;9.8310003281;118711;3748;29;926720;4696616960000;57378704
115968;9.9160003662;135577;4309;43;927744;4707001958400;59463567
116096;13.9700002670;108599;3415;31;928768;4717398425600;56034216
116224;9.7180004120;114358;3396;41;929792;4727806361600;57301143
116352;10.0130004883;135763;4272;34;930816;4738225766400;59063794
116480;10.0700006485;126320;3777;32;931840;4748656640000;58949923
116608;9.5610008240;117139;3168;27;932864;4759098982400;57523389
116736;10.0910005569;131161;3794;32;933888;4769552793600;59367300
116864;9.9930000305;120167;3613;30;934912;4780018073600;58334826
116992;9.5380001068;111677;3453;35;935936;4790494822400;57127798
117120;9.5770006180;117721;3837;46;936960;4800983040000;57426488
117248;10.2590007782;142206;4478;31;937984;4811482726400;60965027
117376;9.8750000000;115631;3279;48;939008;4821993881600;57525192
117504;9.7220001221;114825;3264;26;940032;4832516505600;57677292
117632;9.6860008240;114385;3381;37;941056;4843050598400;57154028
117760;9.7200002670;121440;3652;25;942080;4853596160000;58544574
117888;9.9090003967;121895;3439;50;943104;4864153190400;58578112
118016;9.8840007782;115688;3581;27;944128;4874721689600;57871941
118144;9.9710006714;132447;4036;38;945152;4885301657600;60107637
118272;10.4040002823;139689;4758;55;946176;4895893094400;60817780
118400;10.1320009232;140860;3703;27;947200;4906496000000;61206451
118528;10.0790004730;136181;4268;29;948224;4917110374400;60543296
118656;10.3680000305;139818;4371;39;949248;4927736217600;61351865
118784;10.3090000153;145028;4408;39;950272;4938373529600;61515027
118912;9.9650001526;132075;3832;33;951296;4949022310400;59930068
119040;17.0610008240;134447;4847;45;952320;4959682560000;60689276
119168;9.8690004349;114407;3290;51;953344;4970354278400;58214124
119296;16.8970012665;122793;4171;26;954368;4981037465600;58758836
119424;16.8229999542;118090;3897;42;955392;4991732121600;58498672
119552;9.6340007782;112256;3141;39;956416;5002438246400;57909524
119680;17.2280006409;136475;4878;27;957440;5013155840000;60679032
119808;9.9860000610;129656;3830;26;958464;5023884902400;60294418
119936;10.1380004883;128603;4104;44;959488;5034625433600;60144243
120064;10.3220005035;132739;3878;46;960512;5045377433600;60864675
120192;10.2190008163;120678;3698;31;961536;5056140902400;59530814
120320;10.0900001526;134138;3952;27;962560;5066915840000;60698852
120448;9.9250001907;123016;3830;36;963584;5077702246400;59579003
120576;9.7040004730;113231;3271;43;964608;5088500121600;58497882
120704;10.0630006790;130018;4189;30;965632;5099309465600;60417450
120832;10.5790004730;143546;4357;41;966656;5110130278400;62588023
120960;14.4400005341;123587;3347;35;967680;5120962560000;60586672
121088;10.2430000305;139696;4194;28;968704;5131806310400;61933390
121216;10.2060003281;135188;4185;36;969728;5142661529600;61276947
121344;10.3450002670;125978;4010;26;970752;5153528217600;60336669
121472;10.2170009613;136026;3661;34;971776;5164406374400;61547532
121600;9.9260005951;114450;3384;40;972800;5175296000000;59439382
121728;10.0470008850;126117;3473;36;973824;5186197094400;60680383
121856;10.1810007095;124261;3169;40;974848;5197109657600;60555033
121984;10.3930006027;123976;3928;36;975872;5208033689600;60489410
122112;9.9240007401;118124;3346;25;976896;5218969190400;59851677
122240;10.3450002670;131618;4285;44;977920;5229916160000;61399931
122368;9.7670001984;109811;3393;35;978944;5240874598400;58743523
122496;11.0120000839;175202;5592;28;979968;5251844505600;66262717
122624;9.9870004654;115804;3724;27;980992;5262825881600;59752553
122752;10.1120004654;128857;3793;34;982016;5273818726400;60878400
122880;10.2870006561;136773;3668;42;983040;5284823040000;62066420
123008;10.0770006180;121639;3688;38;984064;5295838822400;60725465
123136;10.4280004501;137971;3975;29;985088;5306866073600;62404709
123264;10.0780000687;127019;3888;24;986112;5317904793600;60933669
123392;10.1840000153;118723;3961;43;987136;5328954982400;60505045
123520;14.0070009232;124116;4319;32;988160;5340016640000;60733627
123648;10.0610008240;120822;3428;36;989184;5351089766400;60731875
123776;10.4100008011;126494;3838;33;990208;5362174361600;61685238
123904;10.3740005493;121844;3380;26;991232;5373270425600;60859453
124032;10.4980001450;137690;4392;51;992256;5384377958400;63082300
124160;10.3170003891;124195;3488;43;993280;5395496960000;60763472
124288;10.6140003204;135163;4014;37;994304;5406627430400;62960950
124416;16.8689575195;128674;4546;39;995328;5417769369600;61554673
124544;10.4390001297;128779;3936;35;996352;5428922777600;62063291
124672;10.7060003281;138983;4213;39;997376;5440087654400;63569705
124800;10.9360008240;150998;4777;50;998400;5451264000000;64809005
124928;11.0130004883;152927;4416;33;999424;5462451814400;65006109
125056;10.5420007706;135874;3613;46;1000448;5473651097600;62630072
125184;10.5140008926;127590;3685;38;1001472;5484861849600;61981377
125312;10.4330005646;135402;3658;43;1002496;5496084070400;62890245
125440;10.5880002975;136607;4181;43;1003520;5507317760000;62934751
125568;10.1290006638;116798;3061;35;1004544;5518562918400;61014150
125696;10.9720001221;136267;4025;36;1005568;5529819545600;63122154
125824;10.2620000839;124489;4113;40;1006592;5541087641600;61584427
125952;10.4520006180;130892;4120;25;1007616;5552367206400;62824350
126080;10.3200006485;127934;3425;29;1008640;5563658240000;62265462
126208;10.6920003891;128288;3859;33;1009664;5574960742400;62495759
126336;10.5740003586;136510;3646;40;1010688;5586274713600;63653319
126464;10.7840003967;145943;4120;58;1011712;5597600153600;64874390
126592;10.5710000992;135449;4591;39;1012736;5608937062400;63420037
126720;10.4120006561;131689;3792;48;1013760;5620285440000;62692814
126848;10.6530008316;141902;3666;34;1014784;5631645286400;64294961
126976;10.5650005341;126274;3516;38;1015808;5643016601600;62324178
127104;10.6430006027;129949;3631;43;1016832;5654399385600;63228023
127232;10.4080009460;126275;3454;38;1017856;5665793638400;62726890
127360;15.1470003128;149889;5010;29;1018880;5677199360000;65586025
127488;10.8230009079;151063;4994;27;1019904;5688616550400;65342185
127616;10.4530000687;130388;3551;26;1020928;5700045209600;63081791
127744;10.7210006714;142296;4342;34;1021952;5711485337600;64601899
127872;10.7870006561;142475;4702;27;1022976;5722936934400;64630291
128000;10.5900001526;132344;3735;35;1024000;5734400000000;63585482
