array_size;time_spent(s);PAPI_L1_TCM;PAPI_L2_TCM;PAPI_L3_TCM;DATA_BYTES;NUM_INSTRUCTIONS;PAPI_TOT_INS
2048;0.5210000277;1224;330;24;16384;2380342;1590083
2176;0.5750000477;1350;344;19;17408;2549223;1744330
2304;0.3410000205;1572;354;7;18432;2719253;1900665
2432;0.3280000091;1880;351;21;19456;2890366;2057179
2560;0.3760000169;1985;362;14;20480;3062508;2215690
2688;0.3630000055;2139;393;19;21504;3235625;2372059
2816;0.8270000219;2336;350;25;22528;3409672;2530570
2944;0.8170000315;2421;378;25;23552;3584606;2689098
3072;0.6660000086;2617;416;18;24576;3760388;2849785
3200;0.8300000429;2678;412;24;25600;3936984;2905052
3328;0.3980000317;2780;372;18;26624;4114360;2962443
3456;0.4960000217;3082;358;18;27648;4292488;3019851
3584;0.6270000339;3065;422;14;28672;4471338;3079418
3712;0.4690000117;3265;383;16;29696;4650885;3136843
3840;0.4730000198;3392;430;19;30720;4831104;3196410
3968;0.4930000305;3738;465;19;31744;5011975;3255994
4096;0.4980000257;3751;440;23;32768;5193475;3317899
4224;0.5320000052;4037;424;20;33792;5375585;3475364
4352;0.5770000219;4639;544;17;34816;5558286;3634901
4480;0.5600000024;4702;440;25;35840;5741561;3794451
4608;0.5780000091;4706;427;15;36864;5925394;3956162
4736;0.6230000257;4978;468;22;37888;6109769;4115731
4864;0.6470000148;5197;437;19;38912;6294671;4277442
4992;0.6730000377;5435;396;24;39936;6480087;4439170
5120;0.6810000539;5687;427;18;40960;6666003;4603057
5248;0.6420000196;5813;447;14;41984;6852407;4762644
5376;0.6700000167;6072;439;21;43008;7039287;4924355
5504;0.7920000553;6171;463;23;44032;7226631;5086083
5632;0.8550000191;6362;458;19;45056;7414429;5260941
5760;0.8150000572;6533;456;10;46080;7602671;5423070
5888;0.9000000358;6726;478;18;47104;7791347;5587341
6016;0.8420000672;6924;522;15;48128;7980446;5751629
6144;1.3950001001;7153;445;23;49152;8169961;5918076
6272;0.8250000477;7258;505;27;50176;8359883;5976561
6400;0.9270000458;7525;560;20;51200;8550202;6037152
6528;0.8970000148;7709;466;15;52224;8740912;6097760
6656;0.9090000391;7705;464;17;53248;8932005;6160527
6784;0.9040000439;8041;539;25;54272;9123472;6221152
6912;0.9270000458;8353;529;18;55296;9315308;6283919
7040;0.9200000167;8545;520;17;56320;9507505;6346703
7168;1.9520001411;8546;592;16;57344;9700057;6411646
7296;1.9730000496;8634;576;21;58368;9892958;6472289
7424;0.9100000262;9075;542;18;59392;10086201;6535056
7552;0.9700000286;9252;545;26;60416;10279780;6597840
7680;0.9500000477;9368;536;21;61440;10473690;6662783
7808;0.9320000410;9545;511;22;62464;10667925;6725584
7936;1.0290000439;9849;545;13;63488;10862480;6790527
8064;0.9700000286;10302;553;25;64512;11057350;6855487
8192;1.0060000420;10499;558;20;65536;11252530;7082529
8320;0.9920000434;10665;554;20;66560;11448014;7130708
8448;1.0600000620;10917;520;23;67584;11643799;7416787
8576;1.1069999933;11320;550;27;68608;11839879;7584914
8704;1.1130000353;11324;546;22;69632;12036250;7755195
8832;1.1330000162;11657;565;22;70656;12232909;7923346
8960;1.1660000086;12042;766;24;71680;12429850;8093634
9088;1.1880000830;12559;792;19;72704;12627070;8263938
9216;1.2410000563;12436;617;22;73728;12824565;8436393
9344;1.2690000534;12776;631;20;74752;13022331;8604563
9472;1.2880001068;12848;638;20;75776;13220364;8774850
9600;1.3450000286;13500;893;13;76800;13418661;8945155
9728;2.4580001831;13365;538;18;77824;13617218;9117610
9856;1.1900000572;13952;527;17;78848;13816031;9288231
9984;1.2140001059;14229;685;27;79872;14015098;9460694
10112;1.2370001078;14378;591;20;80896;14214416;9633174
10240;1.7080000639;14544;558;23;81920;14413980;9807813
10368;1.5730000734;14976;583;22;82944;14613788;9975994
10496;1.5140000582;15116;828;23;83968;14813837;10146282
10624;1.4460000992;15254;572;15;84992;15014124;10316585
10752;1.5140000582;15274;685;27;86016;15214646;10489048
10880;1.6220000982;16061;794;29;87040;15415401;10659370
11008;1.6040000916;16123;681;13;88064;15616385;10831832
11136;1.6620000601;16618;880;20;89088;15817596;11004313
11264;1.6390000582;16357;889;19;90112;16019031;11178952
11392;3.5280001163;16536;889;11;91136;16220688;11349291
11520;1.7070001364;16989;800;14;92160;16422564;11521754
11648;1.7330000401;17146;648;17;93184;16624657;11694233
11776;1.5790001154;17119;706;22;94208;16826964;11868872
11904;1.7340000868;17295;667;11;95232;17029484;12041369
12032;2.2130000591;17550;705;13;96256;17232213;12216008
12160;1.7430000305;17924;832;16;97280;17435150;12390665
12288;1.8020000458;18227;669;20;98304;17638292;12567479
12416;1.8190001249;18337;788;14;99328;17841637;12629183
12544;1.7750000954;18467;705;21;100352;18045184;12692973
12672;2.7330000401;19183;863;19;101376;18248930;12756782
12800;1.9080001116;18848;728;19;102400;18452872;12822748
12928;1.7500001192;19108;809;22;103424;18657010;12886573
13056;1.9190001488;19328;917;11;104448;18861342;12952540
13184;2.7720000744;19876;952;11;105472;19065864;13018525
13312;1.7200000286;19735;786;25;106496;19270576;13086667
13440;1.6860001087;19864;802;21;107520;19475475;13150510
13568;1.6950000525;20263;805;17;108544;19680561;13216477
13696;1.7270001173;20361;739;18;109568;19885830;13282461
13824;1.9330000877;21118;1171;16;110592;20091282;13350606
13952;1.9280000925;20873;754;28;111616;20296914;13416605
14080;2.4090001583;21262;860;12;112640;20502726;13484748
14208;4.1010003090;21747;1009;16;113664;20708715;13552909
14336;1.7200000286;21487;965;17;114688;20914879;13623227
14464;1.8980001211;22320;1032;21;115712;21121218;13687089
14592;1.9550000429;22045;827;20;116736;21327729;13753055
14720;1.9980001450;23017;1084;21;117760;21534412;13819040
14848;2.0250000954;22279;950;14;118784;21741264;13887182
14976;3.5160002708;23249;1163;14;119808;21948285;13953184
15104;2.0980000496;23059;973;20;120832;22155472;14021326
15232;3.1000001431;23969;1049;15;121856;22362825;14089487
15360;1.8350000381;23417;984;12;122880;22570342;14159805
15488;2.0110001564;23751;1283;13;123904;22778021;14225825
15616;2.7570002079;24452;1153;15;124928;22985861;14293968
15744;1.8050000668;24745;812;25;125952;23193862;14362127
15872;1.8140001297;24047;957;22;126976;23402021;14432446
16000;2.0250000954;24828;915;24;128000;23610337;14500623
16128;3.3390002251;25503;979;13;129024;23818810;14570943
16256;2.0099999905;25892;1019;20;130048;24027437;14641280
16384;2.0840001106;25586;1041;16;131072;24236218;14484192
16512;2.1000001431;26073;1155;23;132096;24445152;14650047
16640;2.3670001030;26508;1085;29;133120;24654236;14817775
16768;3.1540000439;27509;1236;15;134144;24863471;14986005
16896;1.9150000811;26535;1073;17;135168;25072855;15156393
17024;2.0750000477;27103;1094;24;136192;25282387;15324154
17152;2.1840000153;27568;938;23;137216;25492065;15494057
17280;4.0610003471;27928;1326;12;138240;25701889;15663977
17408;3.0420000553;27652;1181;15;139264;25911857;15836056
17536;2.2350001335;28517;1530;17;140288;26121969;16003835
17664;2.2890000343;28859;1115;19;141312;26332223;16173738
17792;2.3490002155;29136;1211;28;142336;26542619;16343658
17920;4.3010001183;29316;1365;42;143360;26753155;16515738
18048;2.4320001602;29416;1267;18;144384;26963831;16685674
18176;2.3820002079;29541;1112;18;145408;27174645;16857753
18304;2.3410000801;30118;1155;17;146432;27385596;17029849
18432;2.2200000286;29863;1067;23;147456;27596684;17204104
18560;2.4420001507;30791;1235;23;148480;27807907;17371902
18688;2.5480000973;30973;1193;29;149504;28019265;17541805
18816;2.5050001144;31237;1060;25;150528;28230756;17711723
18944;3.9890000820;31524;1281;25;151552;28442380;17883805
19072;2.5590000153;31523;966;27;152576;28654136;18053739
19200;2.5510001183;32198;1342;23;153600;28866023;18225820
19328;2.6180000305;32454;1184;20;154624;29078040;18397915
19456;2.6360001564;32234;1104;22;155648;29290186;18572170
19584;2.6010000706;33147;1205;26;156672;29502461;18742125
19712;3.2620000839;33017;1322;18;157696;29714863;18914206
19840;2.7880001068;33455;1200;31;158720;29927392;19086299
19968;2.7360000610;33472;1183;23;159744;30140047;19260555
20096;2.7800002098;33787;1258;33;160768;30352827;19432668
20224;2.7710001469;33996;1456;17;161792;30565731;19606924
20352;2.5110001564;34421;1238;26;162816;30778758;19781194
20480;2.7350001335;34616;1214;19;163840;30991909;19957717
20608;2.9050002098;34846;1175;22;164864;31205181;20125531
20736;2.7260000706;35076;1428;18;165888;31418574;20295436
20864;2.9230000973;36343;1346;18;166912;31632088;20465356
20992;2.9390001297;35862;1316;25;167936;31845722;20637435
21120;3.0510001183;35940;1383;17;168960;32059474;20807371
21248;3.0120000839;36217;1397;22;169984;32273345;20979451
21376;2.6900000572;36546;1119;25;171008;32487334;21151545
21504;2.8950002193;36253;1490;24;172032;32701439;21325802
21632;3.0560002327;36732;1225;26;173056;32915660;21495755
21760;2.9330000877;37022;1488;26;174080;33129997;21667836
21888;3.1080000401;37430;1187;21;175104;33344449;21839930
22016;4.0290002823;37732;1572;18;176128;33559014;22014188
22144;3.8370001316;37869;1472;21;177152;33773694;22186299
22272;2.8420002460;37896;1252;23;178176;33988485;22360554
22400;3.2410001755;39118;1443;23;179200;34203390;22534826
22528;3.3250000477;38620;1482;21;180224;34418405;22711258
22656;3.0160000324;38851;1369;20;181248;34633532;22881236
22784;2.9480001926;38962;1229;24;182272;34848768;23053309
22912;3.3370001316;39662;1291;17;183296;35064114;23225404
23040;2.9810001850;39627;1371;23;184320;35279570;23399660
23168;3.2670001984;39836;1400;14;185344;35495133;23571773
23296;3.1310000420;39968;1697;27;186368;35710805;23746029
23424;3.6500000954;40803;1518;21;187392;35926584;23920300
23552;3.5320000648;40456;1634;19;188416;36142469;24096732
23680;7.3730001450;41084;1513;25;189440;36358460;24268862
23808;3.8040001392;41403;1660;20;190464;36574557;24443118
23936;3.5190000534;41834;1623;23;191488;36790759;24617389
24064;3.3430001736;41852;1753;20;192512;37007065;24793821
24192;3.5650000572;41900;1672;24;193536;37223475;24968109
24320;4.0880002975;42405;1538;25;194560;37439988;25144542
24448;3.6150002480;42267;1673;21;195584;37656604;25320988
24576;3.6370000839;43048;1554;25;196608;37873322;25499596
24704;3.4780001640;42946;1737;20;197632;38090141;25564517
24832;3.9570002556;43391;1730;20;198656;38307062;25631509
24960;3.7830002308;44522;1652;22;199680;38524083;25698515
25088;3.5870001316;43787;1740;17;200704;38741205;25767683
25216;4.1620001793;44174;1932;23;201728;38958426;25834707
25344;3.8270001411;44352;1622;17;202752;39175746;25903875
25472;3.7110002041;44782;1522;17;203776;39393164;25973058
25600;3.5200002193;44565;1687;19;204800;39610681;26044402
25728;3.9770002365;45067;1586;17;205824;39828295;26111444
25856;5.0130000114;45702;1835;22;206848;40046006;26180612
25984;3.5320000648;46089;1679;22;207872;40263814;26249795
26112;3.5730001926;46032;1984;11;208896;40481717;26321139
26240;3.8830001354;46264;1941;38;209920;40699717;26390339
26368;4.1310000420;46170;1694;19;210944;40917812;26461683
26496;3.7690002918;47045;1595;17;211968;41136001;26533041
26624;3.7690002918;46391;1865;27;212992;41354285;26606562
26752;3.7820000648;46887;1713;16;214016;41572662;26673622
26880;3.4140002728;47540;1815;26;215040;41791133;26742790
27008;3.4180002213;47983;1829;21;216064;42009697;26811973
27136;3.8190002441;47925;1669;21;217088;42228353;26883317
27264;3.6520001888;48403;1878;24;218112;42447101;26952517
27392;3.9440002441;49270;2074;20;219136;42665941;27023861
27520;3.9500002861;49325;1815;12;220160;42884872;27095220
27648;3.5370001793;49112;2284;20;221184;43103894;27168740
27776;4.0090003014;49034;1867;14;222208;43323006;27237958
27904;3.8540000916;49487;1807;17;223232;43542208;27309302
28032;3.6660001278;50470;1788;29;224256;43761500;27380661
28160;3.6370000839;50051;1741;20;225280;43980881;27454180
28288;3.9460000992;50238;1917;24;226304;44200350;27525557
28416;3.9920001030;50710;1911;20;227328;44419908;27599077
28544;4.0460000038;51476;1825;21;228352;44639553;27672612
28672;3.9100000858;51407;1809;19;229376;44859286;27748308
28800;3.4910001755;51223;1790;13;230400;45079106;27815385
28928;3.9000000954;51468;1833;21;231424;45299013;27884554
29056;3.9240002632;52794;1930;21;232448;45519006;27953737
29184;5.1910004616;52972;2195;26;233472;45739086;28025083
29312;4.0560002327;52399;1855;23;234496;45959250;28094281
29440;5.3180003166;53357;2320;17;235520;46179500;28165627
29568;4.0900001526;53598;2025;22;236544;46399835;28236984
29696;8.4720001221;54105;2578;23;237568;46620254;28310505
29824;4.8150000572;53748;2202;24;238592;46840758;28379723
29952;4.1090002060;54188;2230;14;239616;47061345;28451066
30080;4.3800001144;55264;1996;18;240640;47282015;28522425
30208;4.6570000648;54239;2293;21;241664;47502769;28595946
30336;3.6150002480;54300;2177;22;242688;47723605;28667320
30464;8.6360006332;55874;2652;23;243712;47944523;28740848
30592;3.6270000935;55785;2122;29;244736;48165524;28814376
30720;4.1449999809;55358;2344;28;245760;48386606;28890072
30848;4.4300003052;55351;2688;10;246784;48607769;28959309
30976;4.0300002098;56780;2126;25;247808;48829014;29030653
31104;4.1040000916;57214;2152;21;248832;49050339;29102011
31232;4.1270003319;56421;2118;27;249856;49271744;29175531
31360;4.6040000916;56592;2177;25;250880;49493229;29246907
31488;3.9050002098;57436;2125;15;251904;49714794;29320427
31616;4.0859999657;59220;2196;22;252928;49936439;29393962
31744;3.6600000858;57406;2053;29;253952;50158162;29469657
31872;6.3660001755;57995;2273;29;254976;50379964;29541053
32000;3.7980000973;58829;2165;11;256000;50601844;29614572
32128;4.4040002823;59418;2131;24;257024;50823802;29688107
32256;4.1210002899;58548;2421;23;258048;51045838;29763803
32384;4.1130003929;59312;2415;22;259072;51267952;29837355
32512;3.9510002136;59865;2317;27;260096;51490143;29913051
32640;3.9350001812;59220;2435;22;261120;51712410;29988762
32768;4.2330002785;60616;2297;27;262144;51934754;30066635
32896;4.3900003433;60303;2244;16;263168;52157174;30235544
33024;6.4690003395;60829;2531;26;264192;52379670;30406472
33152;3.9820001125;62082;2112;26;265216;52602242;30577415
33280;4.8260002136;61667;2469;27;266240;52824889;30750521
33408;4.2820000648;62277;2546;25;267264;53047611;30921479
33536;7.1760001183;62926;2729;14;268288;53270408;31094584
33664;4.3230004311;62837;2219;29;269312;53493279;31267702
33792;7.5780005455;62766;2955;23;270336;53716225;31442983
33920;4.5360002518;63064;2314;19;271360;53939244;31613960
34048;3.9590001106;63593;2405;20;272384;54162337;31787064
34176;4.4340000153;64685;2288;21;273408;54385504;31960183
34304;4.0199999809;63613;2226;26;274432;54608743;32135463
34432;4.0440001488;63908;2238;17;275456;54832056;32308599
34560;4.4970002174;65396;2509;20;276480;55055440;32483881
34688;8.4260005951;66003;2910;22;277504;55278898;32659176
34816;4.4060001373;64985;2674;26;278528;55502427;32836631
34944;4.7690000534;65116;2517;26;279552;55726028;33007626
35072;4.5960001945;66506;2918;18;280576;55949700;33180732
35200;4.8810000420;67099;2583;28;281600;56173443;33353848
35328;4.9320001602;66315;2436;18;282624;56397258;33529129
35456;6.4710001945;66820;2478;21;283648;56621143;33702265
35584;4.4400000572;67134;2383;29;284672;56845099;33877545
35712;4.4770002365;68045;2557;24;285696;57069125;34052840
35840;4.3770003319;67715;2583;16;286720;57293220;34230296
35968;4.5980000496;67816;2474;24;287744;57517386;34403449
36096;4.9320001602;67929;2295;24;288768;57741621;34578730
36224;4.5770001411;69386;2407;18;289792;57965925;34754025
36352;5.6670002937;69175;2360;16;290816;58190298;34931481
36480;4.8600001335;69279;2328;19;291840;58414739;35106793
36608;4.8680000305;69276;2495;26;292864;58639249;35284249
36736;4.7310004234;70244;2555;23;293888;58863828;35461721
36864;4.9330000877;69917;2832;26;294912;59088474;35641352
36992;5.8210000992;70417;2711;25;295936;59313188;35812366
37120;4.7170000076;71142;2546;26;296960;59537970;35985470
37248;5.0670003891;72213;2797;21;297984;59762819;36158589
37376;4.9270000458;71576;2728;24;299008;59987735;36333869
37504;5.2700004578;72697;3091;19;300032;60212718;36507006
37632;5.0500001907;72237;2894;30;301056;60437767;36682286
37760;5.1740002632;73214;2343;13;302080;60662883;36857580
37888;5.2860002518;72200;2532;24;303104;60888065;37035036
38016;5.7510004044;72648;2648;30;304128;61113313;37208190
38144;5.7010002136;73166;2641;22;305152;61338626;37383470
38272;5.3840003014;73987;2533;21;306176;61564005;37558765
38400;5.7240004539;73613;2862;28;307200;61789449;37736221
38528;5.1450004578;74028;2520;19;308224;62014959;37911533
38656;4.9440002441;74415;2773;21;309248;62240533;38088990
38784;6.0280003548;75203;2590;23;310272;62466172;38266460
38912;5.2500004768;74807;2634;20;311296;62691875;38446092
39040;5.2470002174;75460;2781;26;312320;62917642;38619265
39168;5.1520004272;75775;3154;17;313344;63143473;38794545
39296;5.5930004120;76816;3139;21;314368;63369368;38969840
39424;5.4820003510;76215;2572;23;315392;63595327;39147296
39552;5.2590003014;77131;2916;11;316416;63821349;39322608
39680;5.6140003204;76387;2948;31;317440;64047434;39500065
39808;4.9750003815;77801;2710;26;318464;64273582;39677534
39936;5.4040002823;77809;2865;26;319488;64499793;39857166
40064;5.7410001755;77866;2826;28;320512;64726066;40032497
40192;5.0310001373;77897;2825;27;321536;64952402;40209952
40320;5.5550003052;78642;2894;28;322560;65178800;40387424
40448;5.2880001068;78768;2804;23;323584;65405259;40567057
40576;12.0920009613;79720;3406;20;324608;65631781;40744545
40704;5.6750001907;78823;3104;26;325632;65858364;40924175
40832;5.2710003853;79594;2690;29;326656;66085008;41103822
40960;5.8960003853;80146;3002;22;327680;66311714;41285630
41088;5.2240004539;80227;2684;26;328704;66538481;41456662
41216;5.6960000992;80577;2906;18;329728;66765308;41629768
41344;5.2580003738;81719;2532;31;330752;66992196;41802885
41472;5.6930003166;80914;2924;25;331776;67219144;41978165
41600;6.6590003967;81362;2693;19;332800;67446153;42151301
41728;6.0680003166;81228;2947;17;333824;67673221;42326581
41856;5.3440003395;82708;2677;31;334848;67900350;42501876
41984;6.7380003929;81892;2866;18;335872;68127538;42679332
42112;6.0230002403;82901;3680;30;336896;68354785;42852487
42240;5.8090004921;82769;3197;35;337920;68582092;43027768
42368;6.2120003700;83554;2792;22;338944;68809458;43203061
42496;6.0590004921;82886;3045;19;339968;69036883;43380517
42624;5.8240003586;83243;2780;31;340992;69264367;43555829
42752;6.1070003510;83546;3274;21;342016;69491909;43733285
42880;6.1350002289;84249;3004;23;343040;69719510;43910756
43008;6.4790000916;84401;3365;32;344064;69947169;44090389
43136;6.2500004768;84977;3186;21;345088;70174886;44263560
43264;12.7770004272;86107;3842;22;346112;70402661;44438843
43392;5.8440003395;86421;3358;12;347136;70630494;44614136
43520;5.6250004768;85220;3059;25;348160;70858384;44791591
43648;6.3160004616;85878;2757;22;349184;71086332;44966904
43776;6.3090004921;86594;3401;21;350208;71314337;45144360
43904;6.3390002251;86868;2683;35;351232;71542399;45321830
44032;13.5800008774;87656;3513;29;352256;71770518;45501464
44160;6.0590004921;87303;3290;26;353280;71998693;45676793
44288;6.4860005379;87385;3362;19;354304;72226925;45854249
44416;5.9570002556;88238;3262;27;355328;72455214;46031720
44544;11.3810005188;88422;3387;20;356352;72683559;46211353
44672;6.2330002785;87687;3258;23;357376;72911959;46388840
44800;5.9100003242;87920;3715;19;358400;73140416;46568472
44928;6.4470005035;89775;3509;13;359424;73368928;46748119
45056;7.2950005531;89079;3148;25;360448;73597497;46929927
45184;7.4130005836;89399;3425;25;361472;73826120;47103117
45312;6.8050003052;89008;3103;20;362496;74054799;47278396
45440;6.6600003242;91653;3400;36;363520;74283533;47453692
45568;6.1910004616;90140;3128;25;364544;74512321;47631148
45696;7.3830003738;90361;3388;23;365568;74741165;47806460
45824;6.9380002022;90511;3427;24;366592;74970063;47983916
45952;13.1450004578;93430;4249;18;367616;75199016;48161390
46080;14.1830005646;91975;4374;28;368640;75428023;48341021
46208;7.0340003967;91537;3607;26;369664;75657085;48516349
46336;6.8180003166;91153;3283;21;370688;75886200;48693804
46464;6.1610002518;93363;3079;25;371712;76115369;48871275
46592;6.8420004845;92569;3500;33;372736;76344592;49050908
46720;6.9040002823;92436;3019;21;373760;76573869;49228395
46848;7.1430001259;93083;3676;20;374784;76803199;49408028
46976;6.8840003014;94848;3376;21;375808;77032583;49587675
47104;6.3070001602;93075;3747;19;376832;77262019;49769483
47232;7.2340002060;93391;3376;30;377856;77491509;49944830
47360;7.4650001526;94082;3387;20;378880;77721051;50122287
47488;7.5920004845;95033;3473;32;379904;77950646;50299758
47616;7.3250002861;94397;3145;25;380928;78180294;50479390
47744;6.8330001831;95301;3255;23;381952;78409995;50656878
47872;7.1190004349;94480;3347;21;382976;78639747;50836509
48000;6.8850002289;96138;3465;12;384000;78869552;51016157
48128;6.8490004539;96055;3398;24;385024;79099409;51197965
48256;6.9940004349;96608;3607;31;386048;79329317;51375471
48384;6.9180002213;96100;3336;26;387072;79559278;51555102
48512;6.8880004883;97132;3597;30;388096;79789290;51734750
48640;6.9390001297;97438;3775;36;389120;80019353;51916559
48768;7.3120002747;97184;3004;28;390144;80249468;52096221
48896;7.5840005875;97790;3551;23;391168;80479634;52278030
49024;7.5920004845;97804;3520;23;392192;80709851;52459853
49152;7.4950003624;99324;3354;21;393216;80940120;52643837
49280;7.4980001450;98446;3516;18;394240;81170439;52711975
49408;7.6070003510;98240;3673;15;395264;81400808;52782166
49536;7.4180002213;100128;3145;24;396288;81631228;52852373
49664;7.6450004578;99159;3716;21;397312;81861699;52924742
49792;7.6960005760;99687;3335;24;398336;82092220;52994965
49920;7.1460003853;99926;4050;29;399360;82322791;53067335
50048;7.8070001602;101992;3615;27;400384;82553412;53139717
50176;7.7680006027;100399;3312;25;401408;82784083;53214260
50304;6.7640004158;100295;4120;18;402432;83014804;53284509
50432;7.3790001869;101397;4059;19;403456;83245574;53356871
50560;6.9860005379;102443;3498;30;404480;83476394;53429254
50688;7.8350005150;101348;3728;30;405504;83707263;53503798
50816;7.5320005417;102066;3684;18;406528;83938182;53576198
50944;7.1720004082;102325;3740;32;407552;84169149;53650743
51072;6.7830004692;103090;3345;27;408576;84400166;53725300
51200;7.1560001373;103005;3783;31;409600;84631232;53802021
51328;6.8140001297;103021;3783;25;410624;84862346;53872280
51456;7.5750002861;103708;3882;19;411648;85093509;53944649
51584;7.6000003815;104719;4185;30;412672;85324721;54017032
51712;6.8320002556;103162;3660;27;413696;85555981;54091575
51840;7.2610001564;104418;3547;22;414720;85787289;54163976
51968;6.8260002136;105066;4008;25;415744;86018646;54238519
52096;7.5350003242;106077;3881;27;416768;86250050;54313079
52224;7.1100001335;105004;3872;29;417792;86481503;54389800
52352;7.3810005188;105296;3760;27;418816;86713003;54462216
52480;6.8520002365;105223;3739;15;419840;86944551;54536760
52608;7.4340004921;107304;3956;25;420864;87176147;54611320
52736;7.9780001640;106463;3945;24;421888;87407790;54688040
52864;7.9920005798;106687;3947;30;422912;87639481;54762616
52992;7.7480001450;107468;3548;31;423936;87871218;54839335
53120;6.9380002022;108201;3800;27;424960;88103003;54916071
53248;7.5970005989;107347;4053;17;425984;88334835;54994967
53376;7.7450003624;107752;3961;29;427008;88566714;55065246
53504;7.3720002174;108497;4095;20;428032;88798639;55137613
53632;7.1960005760;110211;3918;17;429056;89030612;55209996
53760;7.8200001717;108803;4298;31;430080;89262630;55284540
53888;7.2040004730;108400;3906;31;431104;89494696;55356941
54016;6.9850001335;109958;3913;26;432128;89726807;55431484
54144;7.7420005798;110341;4144;27;433152;89958965;55506043
54272;7.6590003967;109907;4137;20;434176;90191169;55582763
54400;7.2130002975;110426;4065;22;435200;90423419;55655181
54528;6.9780001640;110371;4019;30;436224;90655715;55729724
54656;7.7930002213;111820;3851;25;437248;90888057;55804285
54784;7.9980001450;111086;3649;35;438272;91120444;55881003
54912;8.0310001373;111255;3904;28;439296;91352877;55955580
55040;7.6030001640;112158;4017;26;440320;91585356;56032300
55168;10.2750005722;113483;4296;27;441344;91817879;56109034
55296;12.8970003128;112586;4664;20;442368;92050449;56187933
55424;11.3830003738;111879;4411;28;443392;92283063;56260367
55552;7.7830004692;112667;4104;24;444416;92515722;56334911
55680;8.1120004654;114784;4319;24;445440;92748427;56409470
55808;7.3770003319;114181;4597;15;446464;92981176;56486191
55936;7.1190004349;113176;3932;23;447488;93213970;56560765
56064;7.6019287109;114710;4387;25;448512;93446808;56637486
56192;14.3490009308;116928;4918;32;449536;93679691;56714223
56320;7.8370003700;115270;4259;20;450560;93912619;56793117
56448;7.5250005722;114495;4215;16;451584;94145591;56867711
56576;7.1050004959;115702;4290;30;452608;94378607;56944431
56704;8.0640001297;117280;4023;20;453632;94611667;57021166
56832;7.0960001945;116902;3995;19;454656;94844772;57100062
56960;7.1420001984;116419;4386;32;455680;95077920;57176814
57088;8.0820007324;116852;4295;19;456704;95311112;57255710
57216;7.9460005760;118036;4250;20;457728;95544348;57334621
57344;10.3940000534;117416;4771;25;458752;95777627;57415693
57472;7.5340003967;117636;4359;22;459776;96010951;57485989
57600;13.5900011063;118530;4861;35;460800;96244317;57558359
57728;7.3720002174;120717;4317;32;461824;96477727;57630740
57856;7.5700001717;119022;3919;21;462848;96711180;57705283
57984;8.2340002060;118687;4171;29;463872;96944677;57777684
58112;7.1810002327;119151;4522;30;464896;97178216;57852228
58240;14.4620008469;121982;5119;29;465920;97411798;57926789
58368;7.7180004120;120452;4365;34;466944;97645424;58003507
58496;7.2320003510;120045;4074;35;467968;97879092;58075924
58624;7.6280002594;120175;4635;25;468992;98112802;58150470
58752;7.2510004044;122075;4253;19;470016;98346556;58225028
58880;7.2370004654;121443;4252;28;471040;98580352;58301748
59008;8.1670007706;121312;4682;18;472064;98814190;58376324
59136;7.3630003929;121931;4509;20;473088;99048071;58453044
59264;7.6810002327;123120;4437;29;474112;99281993;58529779
59392;7.4660005569;123042;4716;21;475136;99515958;58608674
59520;7.3920001984;122230;4488;22;476160;99749965;58681111
59648;8.3610000610;122976;4606;19;477184;99984014;58755656
59776;8.0300006866;124904;4366;27;478208;100218105;58830215
59904;7.2920002937;122593;4417;29;479232;100452238;58906933
60032;7.9890003204;123674;4653;18;480256;100686412;58981510
60160;7.9010004997;124534;4779;20;481280;100920628;59058230
60288;7.9700002670;125943;4485;22;482304;101154886;59134965
60416;7.9300003052;124433;4496;21;483328;101389185;59213861
60544;8.1950006485;124840;4292;22;484352;101623525;59288455
60672;8.1120004654;124944;4394;24;485376;101857906;59365176
60800;7.4790005684;126946;4370;24;486400;102092329;59441910
60928;7.7270002365;124757;4582;33;487424;102326793;59520808
61056;7.7050004005;125597;4554;30;488448;102561297;59597559
61184;7.5430002213;126578;4742;30;489472;102795843;59676455
61312;7.7560005188;129488;4404;26;490496;103030430;59755365
61440;7.3760004044;126443;4899;28;491520;103265057;59836437
61568;7.4970002174;126155;4363;27;492544;103499725;59908891
61696;8.2450008392;128588;4747;28;493568;103734433;59983435
61824;8.2630004883;131003;4609;16;494592;103969182;60057993
61952;8.2850008011;127829;4637;23;495616;104203971;60134714
62080;8.2230005264;127833;4765;32;496640;104438801;60209291
62208;7.4600005150;129471;4665;31;497664;104673670;60286010
62336;17.0010013580;132943;6724;43;498688;104908580;60362748
62464;7.4570002556;129576;4493;25;499712;105143530;60441641
62592;7.8390002251;129092;5025;22;500736;105378520;60516235
62720;14.0340003967;130903;5541;36;501760;105613550;60592956
62848;8.5650005341;133679;5208;21;502784;105848620;60669690
62976;8.0260000229;131096;4657;32;503808;106083730;60748587
63104;8.3700008392;130620;4701;30;504832;106318879;60825339
63232;8.4190006256;131362;4987;27;505856;106554067;60904234
63360;8.0160007477;134125;4735;22;506880;106789296;60983146
63488;15.6150007248;131994;5995;27;507904;107024563;61064219
63616;10.9990005493;131862;5194;29;508928;107259870;61138829
63744;7.5000004768;132400;4655;34;509952;107495217;61215549
63872;7.5460004807;134998;4594;25;510976;107730602;61292284
64000;8.3510007858;131654;4714;27;512000;107966026;61371180
64128;7.8100004196;133203;4738;25;513024;108201490;61447933
64256;8.4900007248;134180;5155;26;514048;108436992;61526828
64384;7.9160003662;135852;4756;21;515072;108672534;61605739
64512;7.8270001411;133926;4664;25;516096;108908114;61686811
64640;7.5900001526;134654;4676;24;517120;109143733;61763581
64768;7.7530002594;135201;4771;33;518144;109379390;61842477
64896;8.4219999313;136363;4907;19;519168;109615086;61921388
65024;7.5140004158;133905;4465;25;520192;109850821;62002459
65152;8.5780000687;135807;5071;25;521216;110086594;62081388
65280;7.5700001717;137098;4784;26;522240;110322405;62162460
65408;8.7280006409;136584;5296;31;523264;110558255;62243549
65536;10.1650009155;139419;5149;26;524288;110794142;62326795
65664;7.9210004807;136817;5001;23;525312;111030068;62498923
65792;7.8990001678;138185;5053;28;526336;111266032;62673052
65920;8.4290008545;141678;4719;38;527360;111502034;62847194
66048;8.8290004730;137686;5218;26;528384;111738074;63023500
66176;11.1290006638;139259;5745;621;529408;111974151;63197659
66304;8.6380004883;139718;5872;24;530432;112210266;63373962
66432;8.6550006866;141512;5287;30;531456;112446419;63550281
66560;8.6630001068;139027;5272;30;532480;112682610;63728761
66688;7.8510003090;139813;5685;23;533504;112918838;63902940
66816;15.2530002594;141930;6821;18;534528;113155103;64079246
66944;8.8960008621;142583;5283;30;535552;113391406;64255562
67072;7.9110002518;139999;5587;31;536576;113627747;64434042
67200;7.9460005760;141692;5099;22;537600;113864124;64610378
67328;8.0150003433;142748;5538;28;538624;114100539;64788858
67456;15.1570005417;143492;5723;27;539648;114336990;64967356
67584;8.3180007935;141529;5200;31;540672;114573479;65148009
67712;8.2639999390;143564;5233;23;541696;114810005;65322205
67840;9.1579999924;145089;5302;19;542720;115046567;65498511
67968;8.0760002136;145361;4949;29;543744;115283167;65674827
68096;8.9660005569;142893;4847;28;544768;115519803;65853308
68224;8.8390007019;144671;5273;28;545792;115756476;66029645
68352;8.1960000992;146434;5356;29;546816;115993185;66208124
68480;8.7520008087;146505;5012;38;547840;116229931;66386619
68608;8.1810007095;143212;4954;24;548864;116466713;66567275
68736;9.2550001144;145804;5175;33;549888;116703532;66743629
68864;9.3489999771;147686;5825;41;550912;116940387;66922110
68992;8.2569999695;147114;4852;30;551936;117177279;67100604
69120;8.3190002441;146005;5191;30;552960;117414206;67281261
69248;15.7260007858;147568;6391;28;553984;117651170;67459774
69376;9.1690006256;148651;5525;25;555008;117888170;67640428
69504;8.4620008469;148835;4986;35;556032;118125206;67821099
69632;9.1120004654;146415;5535;24;557056;118362277;68003931
69760;8.3910007477;147433;5027;32;558080;118599385;68178145
69888;9.0780000687;149902;5072;25;559104;118836529;68354449
70016;8.4330005646;151498;5523;26;560128;119073708;68530768
70144;9.1850004196;148643;5250;28;561152;119310923;68709248
70272;8.5060005188;149257;4847;15;562176;119548173;68885584
70400;8.4930000305;150779;5182;25;563200;119785459;69064064
70528;8.5250005722;151298;5355;37;564224;120022780;69242560
70656;9.2930002213;150075;5683;36;565248;120260137;69423216
70784;8.6200008392;151870;5237;30;566272;120497529;69599569
70912;8.6000003815;151894;5583;30;567296;120734957;69778049
71040;9.5390005112;152742;5200;25;568320;120972420;69956544
71168;8.7400007248;151912;5119;32;569344;121209918;70137200
71296;8.7719726562;153087;5745;21;570368;121447451;70315712
71424;8.6780004501;152746;5510;24;571392;121685019;70496368
71552;9.4490003586;154160;5125;24;572416;121922621;70677039
71680;12.3190002441;154318;6094;30;573440;122160259;70859872
71808;8.8030004501;154156;5468;29;574464;122397932;71036244
71936;9.5610008240;153723;5457;19;575488;122635640;71214724
72064;8.8020000458;155522;5288;28;576512;122873382;71393218
72192;8.8070001602;155043;5179;32;577536;123111159;71573874
72320;9.8480005264;155178;4991;27;578560;123348970;71752387
72448;9.1160001755;155147;5981;27;579584;123586816;71933044
72576;9.7000007629;157239;5584;22;580608;123824697;72113713
72704;9.2230005264;155866;5529;24;581632;124062611;72296545
72832;9.2490005493;156625;5649;22;582656;124300561;72475075
72960;9.2600002289;157332;5848;28;583680;124538544;72655731
73088;9.5530004501;157715;5683;25;584704;124776562;72836401
73216;13.5970010757;157956;6014;32;585728;125014614;73019235
73344;9.6660003662;157621;5921;18;586752;125252700;73199923
73472;9.2340002060;158195;5749;21;587776;125490820;73382755
73600;9.0860004425;159499;5630;32;588800;125728974;73565602
73728;9.6500005722;159287;6010;30;589824;125967162;73750611
73856;9.3790006638;159473;5683;23;590848;126205384;73924842
73984;9.3980007172;159834;5467;14;591872;126443640;74101145
74112;9.7910003662;161678;5430;31;592896;126681929;74277465
74240;9.8210000992;160351;5562;26;593920;126920252;74455944
74368;9.3940000534;160673;5741;24;594944;127158609;74632280
74496;10.3140001297;162277;5829;20;595968;127397000;74810760
74624;9.6920003891;162440;4889;33;596992;127635424;74989255
74752;9.2820005417;161812;6444;17;598016;127873881;75169912
74880;10.0710000992;163131;6073;26;599040;128112372;75346267
75008;9.8350000381;162720;6318;18;600064;128350896;75524746
75136;9.5640001297;163469;5750;26;601088;128589453;75703241
75264;9.6640005112;162939;5945;35;602112;128828044;75883896
75392;9.4150009155;163336;5717;32;603136;129066668;76062409
75520;10.0380001068;163980;6428;25;604160;129305325;76243066
75648;9.6660003662;165087;5890;34;605184;129544015;76423736
75776;10.0220003128;164322;6190;33;606208;129782738;76606567
75904;19.6069335938;165139;6576;32;607232;130021494;76782947
76032;16.5270004272;166091;7191;31;608256;130260283;76961422
76160;9.5770006180;166797;5613;31;609280;130499105;77139914
76288;9.6590003967;165566;5966;28;610304;130737960;77320571
76416;9.7480001450;166780;5265;40;611328;130976847;77499083
76544;9.6390008926;167885;5868;32;612352;131215767;77679739
76672;10.0800008774;167964;6140;28;613376;131454720;77860410
76800;9.8900003433;166339;6011;25;614400;131693705;78043242
76928;14.1310005188;168239;6268;47;615424;131932723;78221772
77056;9.6909999847;167022;6585;23;616448;132171773;78402428
77184;10.4940004349;169653;6250;26;617472;132410855;78583099
77312;9.7829999924;168221;6266;29;618496;132649970;78765931
77440;10.4260005951;168429;6452;28;619520;132889118;78946619
77568;16.8930015564;169204;7226;35;620544;133128297;79129453
77696;10.5960006714;170292;6515;28;621568;133367509;79312298
77824;21.0670013428;170368;7375;33;622592;133606753;79497308
77952;10.4580001831;171905;6516;25;623616;133846029;79673696
78080;16.8970012665;171140;7071;35;624640;134085337;79852177
78208;10.0500001907;172915;6625;22;625664;134324677;80030671
78336;9.8900003433;169798;5734;32;626688;134564049;80211326
78464;10.5930004120;171808;5748;22;627712;134803453;80389838
78592;10.6970005035;171803;6259;35;628736;135042888;80570494
78720;14.1080007553;174036;6095;23;629760;135282356;80751166
78848;10.4890003204;172270;6120;28;630784;135521855;80933997
78976;10.4520006180;173028;5986;21;631808;135761386;81112527
79104;10.1610002518;172679;6301;26;632832;136000948;81293183
79232;10.3870000839;174227;6457;32;633856;136240542;81473855
79360;14.3870010376;174222;6282;27;634880;136480168;81656687
79488;10.4330005646;174414;6833;30;635904;136719825;81837375
79616;10.3320007324;174284;6477;28;636928;136959513;82020207
79744;10.2510004044;176046;5726;21;637952;137199233;82203055
79872;10.2620000839;175038;6746;35;638976;137438984;82388063
80000;10.4160003662;176413;6432;19;640000;137678766;82566610
80128;10.3450002670;175929;6773;24;641024;137918580;82747267
80256;10.8430004120;177953;6429;18;642048;138158425;82927944
80384;17.3190002441;177544;7146;23;643072;138398301;83110771
80512;17.4730014801;177660;6977;26;644096;138638208;83291459
80640;17.4580001831;177003;7651;23;645120;138878146;83474292
80768;10.3800001144;178128;6802;30;646144;139118115;83657136
80896;10.9200000763;177798;6217;31;647168;139358114;83842145
81024;10.3920001984;178306;5858;31;648192;139598145;84022849
81152;10.5660009384;178053;6188;25;649216;139838207;84205681
81280;10.7760009766;179725;6515;25;650240;140078299;84388529
81408;10.5540008545;179342;6131;26;651264;140318422;84573537
81536;10.9990005493;179334;6545;36;652288;140558576;84756400
81664;10.5240001678;179751;6696;26;653312;140798760;84941409
81792;10.7730007172;181223;5825;32;654336;141038975;85126432
81920;11.0750007629;181163;5938;25;655360;141279221;85313615
82048;10.9210004807;181030;6078;32;656384;141519497;85487867
82176;10.6420001984;181153;6779;32;657408;141759803;85664170
82304;11.4290008545;182850;6388;31;658432;142000140;85840489
82432;11.0170001984;180733;6770;29;659456;142240507;86018969
82560;10.6850004196;182454;5537;32;660480;142480905;86195304
82688;10.6810007095;182929;6849;28;661504;142721333;86373786
82816;10.7000007629;183503;6246;34;662528;142961790;86552279
82944;23.5280017853;183709;7889;38;663552;143202279;86732939
83072;18.1890010834;184966;7275;35;664576;143442797;86909294
83200;10.7810001373;183175;7474;32;665600;143683345;87087770
83328;24.3300018311;186374;8437;29;666624;143923923;87266270
83456;18.1200008392;184493;6871;28;667648;144164532;87446922
83584;11.1730003357;185175;5964;29;668672;144405170;87625433
83712;10.8420009613;184040;6607;29;669696;144645838;87806088
83840;11.1900005341;186788;6371;33;670720;144886536;87986760
83968;17.6130008698;186266;7381;31;671744;145127263;88169594
84096;11.1280002594;185855;6425;26;672768;145368021;88345964
84224;11.4160003662;186229;6811;31;673792;145608808;88524444
84352;11.0370006561;186780;6323;29;674816;145849625;88702940
84480;11.5639648438;186149;6386;23;675840;146090471;88883601
84608;11.0950002670;187243;6118;29;676864;146331347;89062107
84736;11.4250001907;187750;7121;32;677888;146572253;89242763
84864;12.0910005569;189403;6935;30;678912;146813188;89423434
84992;11.5590009689;186824;6979;28;679936;147054152;89606266
85120;11.1600008011;187511;6646;28;680960;147295146;89784795
85248;11.3670005798;187915;7110;29;681984;147536169;89965453
85376;11.2300004959;190932;6509;29;683008;147777221;90146123
85504;11.1790008545;188749;6165;33;684032;148018303;90328954
85632;11.5120000839;189398;6819;27;685056;148259414;90509643
85760;12.0650005341;190036;6717;41;686080;148500554;90692476
85888;11.6230001450;191806;6029;18;687104;148741723;90875322
86016;16.0640010834;191644;6705;41;688128;148982921;91060331
86144;15.9380006790;191261;6961;27;689152;149224148;91236720
86272;16.0670013428;191632;7013;39;690176;149465405;91415202
86400;11.3660001755;193918;6310;30;691200;149706690;91593694
86528;11.4050006866;191803;6527;32;692224;149948004;91774351
86656;11.4670009613;192311;6830;29;693248;150189347;91952863
86784;11.9230003357;192605;6894;27;694272;150430719;92133518
86912;12.1240005493;195182;6963;35;695296;150672119;92314191
87040;11.5310001373;192383;7015;26;696320;150913549;92497023
87168;11.6940002441;193563;6757;36;697344;151155007;92675552
87296;11.8270006180;192713;7072;31;698368;151396493;92856209
87424;11.8110008240;195091;7147;29;699392;151638009;93036879
87552;18.6270008087;194582;7631;24;700416;151879552;93219714
87680;17.7600002289;194264;7023;25;701440;152121125;93400401
87808;23.4480018616;195327;8152;30;702464;152362726;93583235
87936;11.6870002747;195774;6830;31;703488;152604355;93766079
88064;11.8500003815;195772;6960;24;704512;152846013;93951086
88192;12.1830005646;195948;6574;30;705536;153087699;94129634
88320;12.2930002213;194905;6855;29;706560;153329413;94310290
88448;11.8330001831;198046;6606;29;707584;153571156;94490961
88576;11.8930006027;197359;7130;36;708608;153812927;94673793
88704;12.2950010300;196077;6959;32;709632;154054726;94854481
88832;12.5250005722;197376;7010;28;710656;154296553;95037314
88960;12.6360006332;199198;6828;21;711680;154538408;95220160
89088;11.9450006485;197457;6638;27;712704;154780292;95405169
89216;12.6890001297;199405;6677;30;713728;155022203;95585874
89344;12.3660001755;197936;7088;25;714752;155264143;95768707
89472;13.0940008163;201407;6851;39;715776;155506110;95951554
89600;11.9530010223;198675;6688;33;716800;155748105;96136562
89728;12.0810003281;199588;6975;33;717824;155990129;96319425
89856;12.2820005417;198312;7161;35;718848;156232180;96504433
89984;12.6010007858;201274;6676;29;719872;156474259;96689456
90112;12.0600004196;200056;7284;23;720896;156716365;96876640
90240;12.1130008698;200671;7053;37;721920;156958499;97053049
90368;12.6130008698;200187;7723;24;722944;157200661;97231528
90496;13.0550003052;203994;6945;32;723968;157442851;97410023
90624;12.2660007477;202148;6779;26;724992;157685068;97590679
90752;12.2090005875;202379;6607;22;726016;157927313;97769192
90880;12.2010002136;201288;7081;35;727040;158169585;97949847
91008;12.7530002594;203912;6899;32;728064;158411885;98130518
91136;23.7850017548;204483;8390;38;729088;158654212;98313353
91264;12.3320007324;203430;7494;34;730112;158896567;98491879
91392;12.4740009308;204052;7440;35;731136;159138949;98672538
91520;12.4210004807;205657;7074;36;732160;159381358;98853207
91648;16.6930007935;204010;7303;19;733184;159623795;99036041
91776;12.4220008850;205561;6640;14;734208;159866259;99216726
91904;12.7730007172;204312;7098;31;735232;160108750;99399559
92032;13.3860006332;207149;7092;24;736256;160351268;99582407
92160;12.4370002747;205786;7386;34;737280;160593814;99767414
92288;12.5360002518;206342;6976;28;738304;160836386;99945963
92416;12.5320005417;206144;7508;34;739328;161078986;100126618
92544;12.8450002670;208722;7119;21;740352;161321612;100307289
92672;13.2300004959;206628;7111;12;741376;161564266;100490121
92800;12.5930004120;206976;6922;31;742400;161806946;100670810
92928;12.8390007019;208188;7362;26;743424;162049654;100853642
93056;13.0130004883;210046;7440;24;744448;162292388;101036489
93184;12.7350006104;207989;7639;36;745472;162535149;101221497
93312;12.8460006714;208771;7526;25;746496;162777937;101402204
93440;13.0690002441;207359;7475;29;747520;163020752;101585034
93568;12.7800006866;212042;7152;21;748544;163263593;101767881
93696;12.7430009842;208717;7093;19;749568;163506461;101952889
93824;12.7600002289;209077;7066;35;750592;163749356;102135753
93952;12.7730007172;209268;7326;36;751616;163992278;102320762
94080;13.4710006714;212750;6698;30;752640;164235226;102505784
94208;13.5200004578;210769;7599;28;753664;164478200;102692968
94336;12.8630008698;210686;7452;29;754688;164721201;102871534
94464;12.9850006104;210291;7577;27;755712;164964229;103052193
94592;13.2620010376;213811;7203;33;756736;165207283;103232861
94720;13.6640005112;210860;7595;38;757760;165450363;103415693
94848;12.9960002899;212628;7194;36;758784;165693470;103596381
94976;13.0020008087;212154;7349;28;759808;165936603;103779213
95104;13.2010002136;213988;8044;31;760832;166179762;103962062
95232;26.7170009613;213811;8155;37;761856;166422948;104147071
95360;13.2640008926;213836;7792;27;762880;166666160;104327774
95488;13.1640005112;213015;8244;27;763904;166909398;104510607
95616;13.0850009918;214737;7335;33;764928;167152662;104693453
95744;17.5760002136;215738;7498;46;765952;167395952;104878462
95872;13.1150007248;214819;7601;26;766976;167639269;105061325
96000;13.7940006256;214944;8200;25;768000;167882611;105246334
96128;20.0840015411;217736;8151;38;769024;168125979;105431359
96256;13.1980009079;216318;7875;54;770048;168369374;105618540
96384;13.3520002365;216928;8308;56;771072;168612794;105799265
96512;14.2289428711;216730;8431;26;772096;168856241;105982097
96640;13.2990007401;219161;7340;31;773120;169099713;106164944
96768;13.3070001602;216141;7341;39;774144;169343211;106349952
96896;17.6540012360;217423;7950;34;775168;169586735;106532817
97024;13.3840007782;217096;7788;28;776192;169830284;106717823
97152;13.6740007401;219097;7810;31;777216;170073860;106902846
97280;13.3660001755;218717;7628;32;778240;170317461;107090031
97408;13.7480010986;219210;8178;39;779264;170561087;107272913
97536;13.4810009003;219900;8433;39;780288;170804740;107457921
97664;14.3610010147;221300;7907;35;781312;171048418;107642944
97792;13.4420003891;219433;6885;30;782336;171292121;107830127
97920;20.4590015411;221263;8609;31;783360;171535850;108015169
98048;13.6100006104;220435;7699;32;784384;171779605;108202351
98176;14.2890005112;221321;8329;34;785408;172023385;108389551
98304;20.5120010376;223189;8682;29;786432;172267191;108578912
98432;13.6660003662;221369;8268;36;787456;172511022;108650268
98560;14.0240011215;221084;8299;35;788480;172754878;108723658
98688;13.6550006866;224486;8099;26;789504;172998759;108797066
98816;14.0270004272;222444;7902;29;790528;173242666;108872634
98944;13.8680009842;222163;7879;43;791552;173486599;108946057
99072;13.9100008011;222327;7930;37;792576;173730556;109021625
99200;13.9460010529;225335;7770;30;793600;173974539;109097209
99328;13.6660003662;223332;8040;25;794624;174218547;109174953
99456;14.0000009537;162141;6362;20;795648;174462580;105905585
99584;13.9940004349;224629;8072;28;796672;174706638;109323962
99712;14.4280004501;227316;8096;29;797696;174950721;109399547
99840;13.6750001907;224294;7239;27;798720;175194829;109477289
99968;13.9960002899;224949;7767;34;799744;175438962;109552889
100096;13.7110004425;225476;8067;28;800768;175683121;109630633
100224;18.8210010529;229419;9247;27;801792;175927304;109708394
100352;13.6799316406;226748;7742;28;802816;176171512;109788313
100480;13.9870004654;225931;7784;31;803840;176415745;109861772
100608;13.7350006104;227235;7881;25;804864;176660003;109937342
100736;13.7910003662;228101;8153;26;805888;176904285;110012923
100864;13.9860010147;228115;7452;31;806912;177148593;110090668
100992;14.0950002670;227670;7994;37;807936;177392925;110166268
101120;13.9810009003;228912;8253;34;808960;177637282;110244012
101248;14.0970010757;231214;7977;25;809984;177881664;110321772
101376;13.7860002518;228080;8102;21;811008;178126070;110401690
101504;13.8210010529;228953;8112;24;812032;178370501;110477308
101632;18.1000003815;229908;8723;28;813056;178614956;110555053
101760;13.8550004959;230478;7890;35;814080;178859436;110632811
101888;14.3310003281;229175;8437;35;815104;179103941;110712731
102016;18.9210014343;231410;8296;38;816128;179348470;110790509
102144;19.2110004425;238164;9119;34;817152;179593024;110870430
102272;14.1650009155;232942;7870;29;818176;179837602;110950364
102400;16.3700008392;231515;8638;20;819200;180082205;111032460
102528;14.6780004501;232249;8250;40;820224;180326832;111105937
102656;13.8810005188;231744;8364;37;821248;180571483;111181505
102784;14.4880008698;236283;8002;24;822272;180816158;111257089
102912;17.9950008392;233433;8948;29;823296;181060858;111334832
103040;14.0530004501;233769;8273;24;824320;181305583;111410432
103168;14.2220010757;233617;7899;26;825344;181550331;111488178
103296;14.2650003433;235447;8252;31;826368;181795104;111565934
103424;14.0780010223;232223;8731;26;827392;182039900;111645856
103552;13.9240007401;233958;7822;23;828416;182284721;111721472
103680;14.3080005646;234776;8885;42;829440;182529567;111799218
103808;14.1420001984;237294;8699;28;830464;182774436;111876976
103936;14.5639648438;234213;8309;31;831488;183019329;111956896
104064;13.9930009842;235454;8234;38;832512;183264246;112034672
104192;22.8970012665;237231;9806;25;833536;183509187;112114593
104320;14.8090009689;239353;8875;36;834560;183754153;112194526
104448;21.1140003204;237671;9162;29;835584;183999142;112276624
104576;14.0330009460;237565;8361;31;836608;184244155;112352258
104704;14.6690006256;238489;8829;18;837632;184489192;112430003
104832;14.3140010834;239097;8855;27;838656;184734253;112507763
104960;14.4800004959;237006;8227;21;839680;184979337;112587681
105088;14.3580007553;237697;7306;29;840704;185224446;112665457
105216;14.2070007324;238516;7566;35;841728;185469578;112745377
105344;14.7230005264;240621;8002;20;842752;185714734;112825315
105472;14.0950002670;238032;8308;29;843776;185959914;112907409
105600;14.5530004501;238787;8232;30;844800;186205117;112985203
105728;14.1320009232;240700;8441;39;845824;186450344;113065123
105856;16.5480003357;243021;8831;39;846848;186695594;113145058
105984;14.3380002975;239350;8896;31;847872;186940869;113227155
106112;14.1120004654;240288;8503;28;848896;187186166;113307105
106240;14.3890008926;241190;8410;37;849920;187431488;113389202
106368;22.9590015411;244197;9455;37;850944;187676832;113471314
106496;18.4650001526;242082;8748;27;851968;187922201;113555585
106624;14.3480005264;242307;8320;29;852992;188167592;113629081
106752;14.6710004807;243505;9143;36;854016;188413008;113704649
106880;14.4020004272;246035;8606;26;855040;188658446;113780232
107008;14.6830005646;243033;8342;28;856064;188903908;113857975
107136;20.8890018463;243076;9452;32;857088;189149393;113933579
107264;25.6449584961;245777;10221;41;858112;189394902;114011324
107392;14.2360010147;246977;8228;26;859136;189640434;114089079
107520;14.3710002899;243653;9018;33;860160;189885989;114168999
107648;14.1540002823;244326;8489;33;861184;190131567;114244616
107776;14.6100006104;247883;9121;23;862208;190377169;114322361
107904;23.7600002289;249066;9656;24;863232;190622793;114400122
108032;14.5250005722;245851;8439;35;864256;190868441;114480039
108160;14.4320011139;244457;8565;35;865280;191114112;114557816
108288;14.7390003204;249044;8902;32;866304;191359806;114637738
108416;14.5130004883;249700;8738;38;867328;191605524;114717671
108544;14.2570009232;246029;8462;38;868352;191851264;114799767
108672;14.6680002213;247291;8683;31;869376;192097027;114875402
108800;14.2750005722;248894;9219;29;870400;192342813;114953148
108928;14.5920009613;251109;8907;35;871424;192588622;115030906
109056;14.2970008850;249356;8795;29;872448;192834454;115110827
109184;14.5570011139;250323;8619;29;873472;193080309;115188604
109312;14.3240003586;251974;9069;48;874496;193326187;115268523
109440;14.7360010147;252412;8808;24;875520;193572088;115348459
109568;14.4200010300;249742;8219;26;876544;193818011;115430552
109696;14.3410005569;249466;8531;27;877568;194063957;115508346
109824;14.4210004807;252049;9184;27;878592;194309926;115588269
109952;14.7450008392;254946;8847;33;879616;194555918;115668204
110080;14.6980009079;252627;8457;24;880640;194801933;115750298
110208;14.3600006104;250944;8689;25;881664;195047970;115830251
110336;14.3510007858;252576;8580;27;882688;195294030;115912345
110464;14.4890003204;254456;8735;28;883712;195540112;115994457
110592;14.6930007935;251734;9748;36;884736;195786217;116078728
110720;14.4180002213;251620;9109;35;885760;196032345;116154383
110848;17.6720008850;253674;9718;29;886784;196278495;116232127
110976;14.5050010681;258248;9434;47;887808;196524668;116309887
111104;14.6350002289;253547;8883;27;888832;196770863;116389806
111232;18.5960006714;253930;9252;37;889856;197017081;116467582
111360;21.3760013580;255742;9867;30;890880;197263321;116547504
111488;14.4290008545;257915;9016;35;891904;197509584;116627437
111616;18.8340015411;256401;9947;33;892928;197755869;116709533
111744;14.7280006409;254816;8855;40;893952;198002177;116787328
111872;14.3990011215;256140;9076;35;894976;198248506;116867248
112000;14.9730005264;259994;9191;30;896000;198494858;116947183
112128;23.5390014648;260369;9954;41;897024;198741233;117029283
112256;14.5640010834;255804;9539;32;898048;198987629;117109232
112384;14.5200004578;257433;8898;44;899072;199234048;117191326
112512;14.5220003128;260517;9024;37;900096;199480490;117273437
112640;14.8290004730;258320;9026;34;901120;199726953;117357709
112768;14.5890007019;256160;8959;35;902144;199973438;117435523
112896;14.7870006561;258902;9915;25;903168;200219946;117515443
113024;19.3460006714;264413;9525;35;904192;200466476;117595377
113152;14.6110010147;260603;9063;44;905216;200713028;117677474
113280;14.5680007935;258204;9161;40;906240;200959602;117757425
113408;17.7350006104;260584;10146;31;907264;201206198;117839522
113536;19.2740001678;264435;9394;43;908288;201452816;117921630
113664;14.4930009842;260912;9345;48;909312;201699456;118005903
113792;16.0310001373;260207;9833;48;910336;201946118;118085874
113920;14.5180006027;261189;9912;33;911360;202192802;118167969
114048;15.0320005417;264679;8941;48;912384;202439507;118250079
114176;14.6530008316;263406;9736;40;913408;202686235;118334358
114304;18.8090000153;262425;10361;55;914432;202932985;118416480
114432;14.6030006409;264655;10295;52;915456;203179756;118500752
114560;14.7650003433;266334;9929;41;916480;203426550;118585039
114688;14.6120004654;266009;9342;36;917504;203673365;118671488
114816;14.5920009613;264535;9571;48;918528;203920202;118745000
114944;14.6470003128;263614;10127;50;919552;204167060;118820570
115072;14.9430007935;268795;9256;35;920576;204413941;118896153
115200;14.6450004578;267666;9312;25;921600;204660843;118973896
115328;14.6800003052;264998;9346;35;922624;204907767;119049496
115456;14.6160011292;264961;9346;31;923648;205154712;119127241
115584;14.9080009460;268375;9962;36;924672;205401679;119205000
115712;14.5760011673;268725;9375;37;925696;205648668;119284919
115840;20.5320014954;267610;9880;30;926720;205895678;119360539
115968;14.6670007706;267911;10487;80;927744;206142710;119438282
116096;14.7030010223;270140;9473;57;928768;206389763;119516040
116224;16.9670009613;269599;9236;33;929792;206636838;119595961
116352;14.8130006790;269084;9644;29;930816;206883934;119673736
116480;14.9460010529;268581;9386;45;931840;207131052;119753656
116608;14.7350006104;271527;9512;29;932864;207378191;119833591
116736;16.2530002594;271490;9791;36;933888;207625352;119915687
116864;14.7510004044;268637;9251;37;934912;207872534;119991323
116992;14.9010009766;268379;9407;30;935936;208119737;120069067
117120;14.9100008011;271964;8965;32;936960;208366962;120146824
117248;19.1970005035;271078;9354;52;937984;208614208;120226746
117376;15.0950002670;271741;9635;38;939008;208861476;120304521
117504;15.0380010605;274423;10442;53;940032;209108764;120384443
117632;14.8060007095;273077;8723;32;941056;209356074;120464382
117760;15.0730009079;275013;10205;41;942080;209603405;120546474
117888;15.0720005035;271050;10224;30;943104;209850758;120624268
118016;14.8410005569;271325;9923;31;944128;210098131;120704187
118144;14.8200006485;276204;9324;37;945152;210345526;120784121
118272;15.1020011902;272428;9313;36;946176;210592942;120866218
118400;15.0740003586;272358;9380;29;947200;210840379;120946170
118528;14.8620004654;272996;10158;30;948224;211087837;121028267
118656;21.8640003204;277830;10468;34;949248;211335316;121110379
118784;15.0100011826;276566;10142;40;950272;211582816;121194649
118912;15.1890010834;275271;10164;35;951296;211830338;121270303
119040;14.9080009460;275085;9590;29;952320;212077880;121348047
119168;15.1330003738;279813;10645;33;953344;212325443;121425807
119296;15.1540002823;275909;9948;36;954368;212573027;121505727
119424;15.1430006027;276215;10038;46;955392;212820632;121583502
119552;14.9240007401;276187;9522;45;956416;213068258;121663421
119680;15.0780010223;280135;10107;42;957440;213315905;121743358
119808;14.9510011673;277169;10344;38;958464;213563573;121825452
119936;15.1060009003;278418;10421;43;959488;213811261;121903247
120064;14.9810009003;279516;10641;35;960512;214058971;121983167
120192;15.1820011139;282252;9995;29;961536;214306701;122063102
120320;15.0800008774;278502;10075;41;962560;214554452;122145198
120448;15.0380010605;277130;9479;33;963584;214802224;122225151
120576;14.9530010223;278238;9692;39;964608;215050016;122307245
120704;14.9950008392;282258;9307;33;965632;215297830;122389356
120832;15.0260009766;279771;9458;39;966656;215545664;122473629
120960;20.1540012360;280512;11002;69;967680;215793518;122551442
121088;15.6539306641;281537;10418;76;968704;216041393;122631368
121216;15.0330009460;285816;9946;56;969728;216289289;122711295
121344;15.0880002975;280928;9962;48;970752;216537206;122793393
121472;33.0419998169;282411;11035;37;971776;216785143;122873350
121600;15.1620006561;281691;10561;47;972800;217033100;122955441
121728;15.1740007401;285673;9670;35;973824;217281079;123037552
121856;15.0560007095;281579;9632;46;974848;217529077;123121824
121984;15.1210002899;281805;10212;35;975872;217777096;123201793
122112;15.0460004807;282818;10617;41;976896;218025136;123283887
122240;15.1250009537;286276;10083;32;977920;218273196;123366001
122368;15.1160011292;283904;10049;42;978944;218521277;123450273
122496;15.2490005493;282550;10087;46;979968;218769377;123532400
122624;15.1310005188;286922;10422;30;980992;219017499;123616673
122752;15.1740007401;287668;9889;39;982016;219265640;123700959
122880;15.0740003586;284387;10885;35;983040;219513803;123787406
123008;15.1880006790;284382;10751;38;984064;219761985;123863080
123136;15.3130006790;286940;10837;39;985088;220010188;123940823
123264;15.2020006180;289773;10017;37;986112;220258410;124018583
123392;15.1880006790;285180;10045;36;987136;220506654;124098503
123520;15.2720003128;286301;10629;31;988160;220754917;124176279
123648;15.7390003204;289425;10480;29;989184;221003201;124256198
123776;15.4420003891;290324;10422;44;990208;221251505;124336133
123904;15.1770009995;285760;9981;31;991232;221499829;124418229
124032;15.5780010223;285359;10311;36;992256;221748173;124496024
124160;15.2360010147;288334;10194;36;993280;221996537;124575944
124288;15.2300004959;292026;10383;36;994304;222244922;124655878
124416;15.2690010071;288500;10325;24;995328;222493326;124737974
124544;21.3750019073;287323;10611;59;996352;222741751;124817927
124672;19.6220016479;291448;11650;1254;997376;222990195;124900023
124800;15.3330011368;295076;10187;60;998400;223238660;124982134
124928;15.2440004349;290671;10272;27;999424;223487145;125066406
125056;15.4710006714;291044;10437;32;1000448;223735650;125144217
125184;22.2600002289;292606;11567;40;1001472;223984174;125224140
125312;15.6990003586;296108;10648;54;1002496;224232719;125304072
125440;22.1890010834;292327;11555;36;1003520;224481283;125386170
125568;15.4350004196;294201;11180;53;1004544;224729868;125466119
125696;15.3120002747;295296;11161;39;1005568;224978472;125548216
125824;15.4490003586;297656;9909;42;1006592;225227097;125630327
125952;15.3280010223;293454;10841;31;1007616;225475741;125714600
126080;15.3810005188;292755;10727;33;1008640;225724404;125794569
126208;15.4570007324;293680;10786;38;1009664;225973088;125876666
126336;15.4690008163;299711;10414;42;1010688;226221792;125958776
126464;15.3550004959;294425;10723;43;1011712;226470515;126043048
126592;15.3520011902;292916;10615;49;1012736;226719258;126125177
126720;19.9850006104;296204;11281;43;1013760;226968021;126209450
126848;15.8440008163;301274;10568;53;1014784;227216803;126293735
126976;15.3390007019;294246;10984;24;1015808;227465605;126380183
127104;15.3610010147;295053;10746;26;1016832;227714427;126458014
127232;15.3580007553;296102;9412;40;1017856;227963269;126537932
127360;15.4260005951;301054;10471;38;1018880;228212130;126617868
127488;15.3540010452;295362;10187;40;1019904;228461010;126699963
127616;15.4060010910;297898;10212;40;1020928;228709911;126779917
127744;15.3640003204;298324;10801;33;1021952;228958831;126862012
127872;17.9840011597;302281;10761;29;1022976;229207770;126944124
128000;15.3590011597;296335;10494;69;1024000;229456729;127028395
